-800 0.951198
-799 0.951201
-798 0.951202
-797 0.951201
-796 0.951202
-795 0.951205
-794 0.951211
-793 0.951224
-792 0.951241
-791 0.951260
-790 0.951279
-789 0.951293
-788 0.951301
-787 0.951304
-786 0.951306
-785 0.951306
-784 0.951305
-783 0.951306
-782 0.951307
-781 0.951310
-780 0.951316
-779 0.951323
-778 0.951332
-777 0.951339
-776 0.951345
-775 0.951348
-774 0.951350
-773 0.951351
-772 0.951351
-771 0.951351
-770 0.951351
-769 0.951352
-768 0.951353
-767 0.951355
-766 0.951358
-765 0.951361
-764 0.951364
-763 0.951366
-762 0.951368
-761 0.951368
-760 0.951369
-759 0.951369
-758 0.951369
-757 0.951369
-756 0.951369
-755 0.951370
-754 0.951370
-753 0.951371
-752 0.951373
-751 0.951374
-750 0.951375
-749 0.951376
-748 0.951376
-747 0.951376
-746 0.951376
-745 0.951376
-744 0.951375
-743 0.951376
-742 0.951376
-741 0.951376
-740 0.951377
-739 0.951378
-738 0.951378
-737 0.951378
-736 0.951379
-735 0.951378
-734 0.951378
-733 0.951378
-732 0.951379
-731 0.951379
-730 0.951379
-729 0.951379
-728 0.951379
-727 0.951379
-726 0.951380
-725 0.951379
-724 0.951379
-723 0.951379
-722 0.951380
-721 0.951379
-720 0.951379
-719 0.951379
-718 0.951380
-717 0.951379
-716 0.951379
-715 0.951379
-714 0.951379
-713 0.951379
-712 0.951380
-711 0.951379
-710 0.951380
-709 0.951380
-708 0.951381
-707 0.951380
-706 0.951381
-705 0.951380
-704 0.951380
-703 0.951380
-702 0.951381
-701 0.951380
-700 0.951381
-699 0.951381
-698 0.951381
-697 0.951380
-696 0.951380
-695 0.951379
-694 0.951379
-693 0.951379
-692 0.951379
-691 0.951378
-690 0.951378
-689 0.951378
-688 0.951379
-687 0.951379
-686 0.951379
-685 0.951379
-684 0.951379
-683 0.951380
-682 0.951381
-681 0.951381
-680 0.951382
-679 0.951382
-678 0.951383
-677 0.951383
-676 0.951383
-675 0.951383
-674 0.951382
-673 0.951382
-672 0.951381
-671 0.951380
-670 0.951379
-669 0.951379
-668 0.951378
-667 0.951377
-666 0.951377
-665 0.951376
-664 0.951375
-663 0.951375
-662 0.951375
-661 0.951376
-660 0.951377
-659 0.951378
-658 0.951379
-657 0.951381
-656 0.951383
-655 0.951384
-654 0.951385
-653 0.951386
-652 0.951388
-651 0.951388
-650 0.951388
-649 0.951388
-648 0.951387
-647 0.951386
-646 0.951384
-645 0.951382
-644 0.951379
-643 0.951377
-642 0.951374
-641 0.951371
-640 0.951369
-639 0.951368
-638 0.951367
-637 0.951367
-636 0.951367
-635 0.951368
-634 0.951370
-633 0.951374
-632 0.951377
-631 0.951381
-630 0.951385
-629 0.951390
-628 0.951395
-627 0.951398
-626 0.951401
-625 0.951402
-624 0.951403
-623 0.951402
-622 0.951400
-621 0.951396
-620 0.951391
-619 0.951385
-618 0.951379
-617 0.951371
-616 0.951364
-615 0.951357
-614 0.951351
-613 0.951347
-612 0.951344
-611 0.951343
-610 0.951345
-609 0.951348
-608 0.951354
-607 0.951362
-606 0.951372
-605 0.951382
-604 0.951394
-603 0.951406
-602 0.951418
-601 0.951427
-600 0.951435
-599 0.951440
-598 0.951442
-597 0.951439
-596 0.951434
-595 0.951423
-594 0.951410
-593 0.951395
-592 0.951378
-591 0.951358
-590 0.951340
-589 0.951323
-588 0.951308
-587 0.951296
-586 0.951288
-585 0.951285
-584 0.951289
-583 0.951298
-582 0.951312
-581 0.951332
-580 0.951357
-579 0.951385
-578 0.951415
-577 0.951446
-576 0.951475
-575 0.951500
-574 0.951520
-573 0.951532
-572 0.951537
-571 0.951531
-570 0.951518
-569 0.951494
-568 0.951461
-567 0.951421
-566 0.951377
-565 0.951330
-564 0.951283
-563 0.951239
-562 0.951202
-561 0.951172
-560 0.951153
-559 0.951146
-558 0.951154
-557 0.951175
-556 0.951211
-555 0.951260
-554 0.951321
-553 0.951389
-552 0.951464
-551 0.951538
-550 0.951611
-549 0.951673
-548 0.951723
-547 0.951755
-546 0.951767
-545 0.951755
-544 0.951719
-543 0.951661
-542 0.951582
-541 0.951486
-540 0.951379
-539 0.951265
-538 0.951154
-537 0.951049
-536 0.950959
-535 0.950888
-534 0.950843
-533 0.950826
-532 0.950843
-531 0.950893
-530 0.950977
-529 0.951091
-528 0.951234
-527 0.951397
-526 0.951572
-525 0.951751
-524 0.951922
-523 0.952071
-522 0.952191
-521 0.952268
-520 0.952297
-519 0.952269
-518 0.952187
-517 0.952050
-516 0.951866
-515 0.951642
-514 0.951392
-513 0.951131
-512 0.950873
-511 0.950633
-510 0.950427
-509 0.950266
-508 0.950162
-507 0.950124
-506 0.950161
-505 0.950271
-504 0.950459
-503 0.950717
-502 0.951039
-501 0.951408
-500 0.951809
-499 0.952216
-498 0.952607
-497 0.952952
-496 0.953228
-495 0.953407
-494 0.953473
-493 0.953414
-492 0.953227
-491 0.952918
-490 0.952501
-489 0.952001
-488 0.951445
-487 0.950863
-486 0.950293
-485 0.949766
-484 0.949314
-483 0.948963
-482 0.948738
-481 0.948655
-480 0.948730
-479 0.948968
-478 0.949371
-477 0.949927
-476 0.950623
-475 0.951427
-474 0.952302
-473 0.953198
-472 0.954059
-471 0.954824
-470 0.955434
-469 0.955835
-468 0.955984
-467 0.955857
-466 0.955450
-465 0.954776
-464 0.953872
-463 0.952791
-462 0.951596
-461 0.950358
-460 0.949152
-459 0.948043
-458 0.947098
-457 0.946367
-456 0.945898
-455 0.945726
-454 0.945876
-453 0.946363
-452 0.947188
-451 0.948340
-450 0.949784
-449 0.951464
-448 0.953302
-447 0.955194
-446 0.957020
-445 0.958649
-444 0.959951
-443 0.960809
-442 0.961132
-441 0.960868
-440 0.960010
-439 0.958595
-438 0.956705
-437 0.954457
-436 0.951991
-435 0.949459
-434 0.947010
-433 0.944781
-432 0.942892
-431 0.941444
-430 0.940516
-429 0.940174
-428 0.940463
-427 0.941413
-426 0.943036
-425 0.945311
-424 0.948184
-423 0.951551
-422 0.955257
-421 0.959096
-420 0.962821
-419 0.966159
-418 0.968834
-417 0.970601
-416 0.971273
-415 0.970742
-414 0.968997
-413 0.966130
-412 0.962323
-411 0.957825
-410 0.952936
-409 0.947963
-408 0.943202
-407 0.938913
-406 0.935315
-405 0.932578
-404 0.930834
-403 0.930188
-402 0.930720
-401 0.932492
-400 0.935535
-399 0.939833
-398 0.945305
-397 0.951770
-396 0.958945
-395 0.966432
-394 0.973742
-393 0.980321
-392 0.985614
-391 0.989119
-390 0.990457
-389 0.989417
-388 0.985996
-387 0.980396
-386 0.973005
-385 0.964349
-384 0.955031
-383 0.945659
-382 0.936793
-381 0.928907
-380 0.922368
-379 0.917444
-378 0.914330
-377 0.913176
-376 0.914114
-375 0.917259
-374 0.922700
-373 0.930456
-372 0.940424
-371 0.952324
-370 0.965656
-369 0.979684
-368 0.993473
-367 1.005951
-366 1.016025
-365 1.022713
-364 1.025271
-363 1.023304
-362 1.016832
-361 1.006289
-360 0.992475
-359 0.976443
-358 0.959374
-357 0.942424
-356 0.926616
-355 0.912760
-354 0.901434
-353 0.893014
-352 0.887739
-351 0.885793
-350 0.887365
-349 0.892675
-348 0.901938
-347 0.915289
-346 0.932658
-345 0.953642
-344 0.977407
-343 1.002654
-342 1.027656
-341 1.050413
-340 1.068858
-339 1.081125
-338 1.085819
-337 1.082222
-336 1.070420
-335 1.051304
-334 1.026447
-333 0.997886
-332 0.967839
-331 0.938423
-330 0.911425
-329 0.888167
-328 0.869483
-327 0.855809
-326 0.847349
-325 0.844250
-324 0.846754
-323 0.855260
-322 0.870261
-321 0.892176
-320 0.921102
-319 0.956538
-318 0.997175
-317 1.040796
-316 1.084355
-315 1.124244
-314 1.156700
-313 1.178326
-312 1.186591
-311 1.180239
-310 1.159515
-309 1.126153
-308 1.083122
-307 1.034188
-306 0.983367
-305 0.934375
-304 0.890212
-303 0.852917
-302 0.823572
-301 0.802514
-300 0.789687
-299 0.785035
-298 0.788814
-297 0.801722
-296 0.824794
-295 0.859069
-294 0.905098
-293 0.962402
-292 1.029031
-291 1.101369
-290 1.174240
-289 1.241388
-288 1.296239
-287 1.332843
-286 1.346797
-285 1.335985
-284 1.300981
-283 1.244990
-282 1.173366
-281 1.092778
-280 1.010193
-279 0.931883
-278 0.862667
-277 0.805528
-276 0.761660
-275 0.730929
-274 0.712584
-273 0.706023
-272 0.711408
-271 0.729921
-270 0.763584
-269 0.814635
-268 0.884610
-267 0.973327
-266 1.078063
-265 1.193144
-264 1.310125
-263 1.418601
-262 1.507554
-261 1.566987
-260 1.589557
-259 1.571849
-258 1.515039
-257 1.424763
-256 1.310229
-255 1.182723
-254 1.053823
-253 0.933672
-252 0.829703
-251 0.746021
-250 0.683598
-249 0.641145
-248 0.616448
-247 0.607778
-246 0.614995
-245 0.640034
-244 0.686576
-243 0.758971
-242 0.860598
-241 0.992098
-240 1.149892
-239 1.325445
-238 1.505523
-237 1.673547
-236 1.811827
-235 1.904307
-234 1.939258
-233 1.911395
-232 1.822914
-231 1.683226
-230 1.507421
-229 1.313729
-228 1.120544
-227 0.943581
-226 0.793815
-225 0.676578
-224 0.591981
-223 0.536499
-222 0.505285
-221 0.494591
-220 0.503652
-219 0.535497
-218 0.596423
-217 0.694168
-216 0.835221
-215 1.021848
-214 1.249652
-213 1.506303
-212 1.771930
-211 2.021250
-210 2.227111
-209 2.364868
-208 2.416636
-207 2.374578
-206 2.242487
-205 2.035289
-204 1.776505
-203 1.494214
-202 1.216304
-201 0.966075
-200 0.759062
-199 0.601759
-198 0.492450
-197 0.423860
-196 0.386921
-195 0.374673
-194 0.385270
-193 0.423254
-192 0.498721
-191 0.624449
-190 0.811645
-189 1.065308
-188 1.380390
-187 1.739806
-186 2.114980
-185 2.469051
-184 2.762255
-183 2.958506
-182 3.031772
-181 2.970958
-180 2.782179
-179 2.487883
-178 2.122940
-177 1.728504
-176 1.344929
-175 1.005219
-174 0.730436
-173 0.527988
-172 0.393063
-171 0.312783
-170 0.271968
-169 0.259035
-168 0.270496
-167 0.312857
-166 0.401336
-165 0.555582
-164 0.793355
-163 1.123673
-162 1.541151
-161 2.023058
-160 2.530077
-159 3.010923
-158 3.410082
-157 3.677203
-156 3.776196
-155 3.692079
-154 3.434086
-153 3.034230
-152 2.541628
-151 2.013676
-150 1.505977
-149 1.063181
-148 0.712649
-147 0.462252
-146 0.302675
-145 0.213499
-144 0.171494
-143 0.159021
-142 0.170377
-141 0.214429
-140 0.312760
-139 0.493616
-138 0.783052
-137 1.195365
-136 1.725220
-135 2.343591
-134 2.998777
-133 3.622749
-132 4.141704
-131 4.488793
-130 4.616391
-129 4.505229
-128 4.168400
-127 3.649207
-126 3.013355
-125 2.336905
-124 1.692814
-123 1.138707
-122 0.708615
-121 0.410322
-120 0.228728
-119 0.134238
-118 0.093997
-117 0.083161
-116 0.093330
-115 0.135988
-114 0.239939
-113 0.443244
-112 0.781478
-111 1.275128
-110 1.919290
-109 2.678373
-108 3.487477
-107 4.260654
-106 4.904535
-105 5.334737
-104 5.491518
-103 5.351305
-102 4.931575
-101 4.287889
-100 3.503613
-99 2.674556
-98 1.891758
-97 1.226127
-96 0.718210
-95 0.375144
-94 0.175250
-93 0.078892
-92 0.042842
-91 0.034527
-90 0.042602
-89 0.081159
-88 0.186403
-87 0.406464
-86 0.786699
-85 1.354035
-84 2.104225
-83 2.995392
-82 3.949817
-81 4.864126
-80 5.626045
-79 6.134376
-78 6.317903
-77 6.149248
-76 5.650426
-75 4.888965
-74 3.965280
-73 2.993949
-72 2.082986
-71 1.315549
-70 0.737899
-69 0.356129
-68 0.141980
-67 0.046110
-66 0.015387
-65 0.009895
-64 0.015436
-63 0.048378
-62 0.151568
-61 0.382178
-60 0.794333
-59 1.420724
-58 2.257759
-57 3.258161
-56 4.333182
-55 5.364571
-54 6.224056
-53 6.796384
-52 7.000996
-51 6.807664
-50 6.242593
-49 5.383607
-48 4.345420
-47 3.258112
-46 2.243503
-45 1.394465
-44 0.761586
-43 0.349764
-42 0.125157
-41 0.030442
-40 0.004457
-39 0.001368
-38 0.004601
-37 0.032119
-36 0.131666
-35 0.367071
-34 0.798845
-33 1.463801
-32 2.358747
-31 3.432464
-30 4.588385
-29 5.697914
-28 6.621872
-27 7.235688
-26 7.452869
-25 7.241783
-24 6.631908
-23 5.708263
-22 4.595160
-21 3.432770
-20 2.351633
-19 1.450554
-18 0.782518
-17 0.351403
-16 0.119730
-15 0.025199
-14 0.001767
-13 0.000017
-12 0.001837
-11 0.025817
-10 0.122038
-9 0.357476
-8 0.795547
-7 1.474783
-6 2.391908
-5 3.493725
-4 4.680139
-3 5.818227
-2 6.764638
-1 7.391589
0 7.611038
1 7.391590
2 6.764637
3 5.818224
4 4.680137
5 3.493725
6 2.391908
7 1.474783
8 0.795547
9 0.357476
10 0.122038
11 0.025817
12 0.001837
13 0.000017
14 0.001767
15 0.025199
16 0.119730
17 0.351403
18 0.782518
19 1.450554
20 2.351633
21 3.432772
22 4.595160
23 5.708265
24 6.631908
25 7.241781
26 7.452866
27 7.235684
28 6.621870
29 5.697916
30 4.588385
31 3.432461
32 2.358747
33 1.463801
34 0.798845
35 0.367071
36 0.131666
37 0.032119
38 0.004601
39 0.001368
40 0.004457
41 0.030442
42 0.125157
43 0.349764
44 0.761586
45 1.394466
46 2.243503
47 3.258112
48 4.345420
49 5.383605
50 6.242593
51 6.807660
52 7.000997
53 6.796380
54 6.224055
55 5.364568
56 4.333181
57 3.258163
58 2.257758
59 1.420723
60 0.794333
61 0.382177
62 0.151568
63 0.048378
64 0.015437
65 0.009895
66 0.015387
67 0.046110
68 0.141980
69 0.356129
70 0.737899
71 1.315548
72 2.082986
73 2.993949
74 3.965279
75 4.888967
76 5.650425
77 6.149249
78 6.317905
79 6.134375
80 5.626045
81 4.864125
82 3.949818
83 2.995393
84 2.104227
85 1.354034
86 0.786699
87 0.406464
88 0.186403
89 0.081159
90 0.042602
91 0.034527
92 0.042842
93 0.078892
94 0.175250
95 0.375144
96 0.718210
97 1.226127
98 1.891758
99 2.674556
100 3.503613
101 4.287893
102 4.931578
103 5.351301
104 5.491517
105 5.334740
106 4.904531
107 4.260654
108 3.487479
109 2.678372
110 1.919290
111 1.275127
112 0.781477
113 0.443244
114 0.239939
115 0.135988
116 0.093330
117 0.083161
118 0.093997
119 0.134238
120 0.228728
121 0.410322
122 0.708615
123 1.138707
124 1.692814
125 2.336905
126 3.013356
127 3.649212
128 4.168397
129 4.505228
130 4.616391
131 4.488794
132 4.141705
133 3.622752
134 2.998778
135 2.343590
136 1.725219
137 1.195364
138 0.783052
139 0.493616
140 0.312760
141 0.214429
142 0.170377
143 0.159021
144 0.171494
145 0.213498
146 0.302676
147 0.462253
148 0.712649
149 1.063181
150 1.505977
151 2.013676
152 2.541628
153 3.034230
154 3.434086
155 3.692081
156 3.776197
157 3.677204
158 3.410080
159 3.010924
160 2.530077
161 2.023057
162 1.541151
163 1.123673
164 0.793355
165 0.555582
166 0.401336
167 0.312857
168 0.270496
169 0.259035
170 0.271968
171 0.312783
172 0.393064
173 0.527989
174 0.730436
175 1.005218
176 1.344930
177 1.728506
178 2.122939
179 2.487882
180 2.782179
181 2.970957
182 3.031771
183 2.958506
184 2.762257
185 2.469050
186 2.114980
187 1.739807
188 1.380390
189 1.065308
190 0.811645
191 0.624449
192 0.498721
193 0.423254
194 0.385270
195 0.374673
196 0.386920
197 0.423860
198 0.492450
199 0.601759
200 0.759062
201 0.966075
202 1.216305
203 1.494214
204 1.776506
205 2.035289
206 2.242487
207 2.374576
208 2.416636
209 2.364870
210 2.227111
211 2.021248
212 1.771930
213 1.506302
214 1.249652
215 1.021849
216 0.835222
217 0.694168
218 0.596423
219 0.535498
220 0.503652
221 0.494590
222 0.505284
223 0.536499
224 0.591981
225 0.676578
226 0.793815
227 0.943581
228 1.120544
229 1.313730
230 1.507421
231 1.683226
232 1.822913
233 1.911395
234 1.939258
235 1.904305
236 1.811827
237 1.673546
238 1.505524
239 1.325444
240 1.149892
241 0.992098
242 0.860598
243 0.758971
244 0.686577
245 0.640034
246 0.614995
247 0.607777
248 0.616448
249 0.641144
250 0.683598
251 0.746022
252 0.829703
253 0.933673
254 1.053823
255 1.182724
256 1.310229
257 1.424764
258 1.515040
259 1.571850
260 1.589556
261 1.566986
262 1.507553
263 1.418602
264 1.310125
265 1.193145
266 1.078063
267 0.973326
268 0.884610
269 0.814636
270 0.763585
271 0.729921
272 0.711408
273 0.706022
274 0.712583
275 0.730929
276 0.761660
277 0.805528
278 0.862668
279 0.931883
280 1.010194
281 1.092779
282 1.173367
283 1.244990
284 1.300981
285 1.335984
286 1.346795
287 1.332843
288 1.296239
289 1.241387
290 1.174240
291 1.101370
292 1.029032
293 0.962402
294 0.905098
295 0.859070
296 0.824793
297 0.801722
298 0.788814
299 0.785035
300 0.789687
301 0.802513
302 0.823572
303 0.852917
304 0.890212
305 0.934375
306 0.983367
307 1.034190
308 1.083123
309 1.126153
310 1.159515
311 1.180238
312 1.186590
313 1.178326
314 1.156700
315 1.124244
316 1.084356
317 1.040796
318 0.997175
319 0.956538
320 0.921102
321 0.892177
322 0.870261
323 0.855260
324 0.846754
325 0.844250
326 0.847349
327 0.855810
328 0.869483
329 0.888167
330 0.911425
331 0.938423
332 0.967839
333 0.997886
334 1.026448
335 1.051304
336 1.070420
337 1.082222
338 1.085819
339 1.081125
340 1.068858
341 1.050413
342 1.027655
343 1.002654
344 0.977408
345 0.953642
346 0.932658
347 0.915289
348 0.901938
349 0.892674
350 0.887365
351 0.885793
352 0.887739
353 0.893014
354 0.901434
355 0.912760
356 0.926616
357 0.942425
358 0.959374
359 0.976444
360 0.992475
361 1.006290
362 1.016832
363 1.023305
364 1.025271
365 1.022714
366 1.016025
367 1.005951
368 0.993473
369 0.979685
370 0.965656
371 0.952324
372 0.940423
373 0.930456
374 0.922700
375 0.917259
376 0.914114
377 0.913176
378 0.914329
379 0.917443
380 0.922368
381 0.928907
382 0.936794
383 0.945658
384 0.955031
385 0.964350
386 0.973005
387 0.980396
388 0.985996
389 0.989417
390 0.990457
391 0.989119
392 0.985613
393 0.980321
394 0.973742
395 0.966433
396 0.958945
397 0.951770
398 0.945304
399 0.939833
400 0.935535
401 0.932492
402 0.930720
403 0.930188
404 0.930834
405 0.932578
406 0.935315
407 0.938914
408 0.943202
409 0.947963
410 0.952937
411 0.957826
412 0.962323
413 0.966131
414 0.968998
415 0.970742
416 0.971273
417 0.970602
418 0.968834
419 0.966159
420 0.962821
421 0.959097
422 0.955256
423 0.951551
424 0.948184
425 0.945312
426 0.943036
427 0.941413
428 0.940463
429 0.940174
430 0.940517
431 0.941444
432 0.942893
433 0.944781
434 0.947010
435 0.949460
436 0.951991
437 0.954457
438 0.956705
439 0.958595
440 0.960010
441 0.960868
442 0.961132
443 0.960808
444 0.959950
445 0.958649
446 0.957020
447 0.955194
448 0.953301
449 0.951464
450 0.949784
451 0.948340
452 0.947188
453 0.946363
454 0.945876
455 0.945726
456 0.945899
457 0.946367
458 0.947097
459 0.948043
460 0.949151
461 0.950358
462 0.951596
463 0.952791
464 0.953872
465 0.954776
466 0.955450
467 0.955857
468 0.955984
469 0.955835
470 0.955434
471 0.954824
472 0.954059
473 0.953198
474 0.952302
475 0.951427
476 0.950623
477 0.949927
478 0.949370
479 0.948968
480 0.948730
481 0.948656
482 0.948738
483 0.948963
484 0.949314
485 0.949766
486 0.950293
487 0.950864
488 0.951444
489 0.952001
490 0.952501
491 0.952918
492 0.953227
493 0.953414
494 0.953473
495 0.953407
496 0.953227
497 0.952953
498 0.952607
499 0.952216
500 0.951808
501 0.951408
502 0.951039
503 0.950718
504 0.950460
505 0.950272
506 0.950161
507 0.950125
508 0.950162
509 0.950265
510 0.950427
511 0.950633
512 0.950873
513 0.951131
514 0.951393
515 0.951642
516 0.951865
517 0.952050
518 0.952187
519 0.952270
520 0.952297
521 0.952269
522 0.952191
523 0.952072
524 0.951922
525 0.951751
526 0.951572
527 0.951396
528 0.951233
529 0.951091
530 0.950977
531 0.950893
532 0.950843
533 0.950827
534 0.950843
535 0.950888
536 0.950958
537 0.951049
538 0.951153
539 0.951265
540 0.951378
541 0.951486
542 0.951582
543 0.951661
544 0.951719
545 0.951755
546 0.951767
547 0.951756
548 0.951723
549 0.951673
550 0.951611
551 0.951539
552 0.951464
553 0.951389
554 0.951320
555 0.951261
556 0.951211
557 0.951175
558 0.951153
559 0.951147
560 0.951153
561 0.951172
562 0.951201
563 0.951239
564 0.951283
565 0.951329
566 0.951376
567 0.951421
568 0.951460
569 0.951493
570 0.951518
571 0.951532
572 0.951537
573 0.951533
574 0.951520
575 0.951500
576 0.951474
577 0.951446
578 0.951415
579 0.951385
580 0.951357
581 0.951332
582 0.951312
583 0.951298
584 0.951289
585 0.951286
586 0.951288
587 0.951296
588 0.951307
589 0.951322
590 0.951340
591 0.951358
592 0.951377
593 0.951395
594 0.951411
595 0.951424
596 0.951434
597 0.951439
598 0.951442
599 0.951440
600 0.951435
601 0.951427
602 0.951418
603 0.951406
604 0.951394
605 0.951382
606 0.951371
607 0.951362
608 0.951354
609 0.951348
610 0.951345
611 0.951343
612 0.951344
613 0.951347
614 0.951351
615 0.951357
616 0.951364
617 0.951371
618 0.951378
619 0.951385
620 0.951391
621 0.951396
622 0.951400
623 0.951402
624 0.951404
625 0.951403
626 0.951401
627 0.951398
628 0.951394
629 0.951390
630 0.951385
631 0.951381
632 0.951377
633 0.951374
634 0.951371
635 0.951368
636 0.951367
637 0.951366
638 0.951367
639 0.951368
640 0.951369
641 0.951371
642 0.951373
643 0.951376
644 0.951379
645 0.951381
646 0.951383
647 0.951385
648 0.951387
649 0.951388
650 0.951388
651 0.951388
652 0.951388
653 0.951386
654 0.951385
655 0.951383
656 0.951382
657 0.951380
658 0.951378
659 0.951378
660 0.951377
661 0.951376
662 0.951375
663 0.951376
664 0.951375
665 0.951376
666 0.951376
667 0.951376
668 0.951377
669 0.951378
670 0.951379
671 0.951380
672 0.951381
673 0.951382
674 0.951382
675 0.951383
676 0.951383
677 0.951383
678 0.951383
679 0.951382
680 0.951381
681 0.951381
682 0.951380
683 0.951380
684 0.951379
685 0.951379
686 0.951379
687 0.951379
688 0.951379
689 0.951379
690 0.951378
691 0.951378
692 0.951379
693 0.951379
694 0.951379
695 0.951379
696 0.951379
697 0.951380
698 0.951380
699 0.951380
700 0.951380
701 0.951381
702 0.951381
703 0.951380
704 0.951380
705 0.951380
706 0.951380
707 0.951380
708 0.951379
709 0.951380
710 0.951379
711 0.951380
712 0.951380
713 0.951380
714 0.951380
715 0.951380
716 0.951379
717 0.951379
718 0.951379
719 0.951379
720 0.951379
721 0.951379
722 0.951379
723 0.951380
724 0.951380
725 0.951380
726 0.951380
727 0.951380
728 0.951380
729 0.951380
730 0.951380
731 0.951380
732 0.951380
733 0.951380
734 0.951379
735 0.951380
736 0.951379
737 0.951380
738 0.951380
739 0.951380
740 0.951380
741 0.951380
742 0.951379
743 0.951380
744 0.951379
745 0.951379
746 0.951379
747 0.951379
748 0.951379
749 0.951380
750 0.951379
751 0.951380
752 0.951380
753 0.951380
754 0.951379
755 0.951379
756 0.951379
757 0.951379
758 0.951379
759 0.951379
760 0.951379
761 0.951379
762 0.951379
763 0.951379
764 0.951379
765 0.951379
766 0.951379
767 0.951379
768 0.951378
769 0.951378
770 0.951378
771 0.951378
772 0.951378
773 0.951378
774 0.951378
775 0.951378
776 0.951378
777 0.951378
778 0.951377
779 0.951377
780 0.951376
781 0.951375
782 0.951375
783 0.951374
784 0.951374
785 0.951374
786 0.951374
787 0.951374
788 0.951374
789 0.951374
790 0.951373
791 0.951372
792 0.951371
793 0.951369
794 0.951367
795 0.951365
796 0.951364
797 0.951364
798 0.951364
799 0.951364
800 0.951364
