-80.0 -0.005584253087892947
-79.9 -0.00531501783296155
-79.8 -0.004785205105404331
-79.7 -0.004020684576492438
-79.6 -0.003058835838590415
-79.5 -0.0019467231863806778
-79.4 -0.000738794849872219
-79.3 0.0005057809604122857
-79.2 0.0017260129374418152
-79.1 0.002862074699959729
-79.0 0.0038582375698087983
-78.9 0.004665604302982917
-78.8 0.005244509611625609
-78.7 0.005566469544611926
-78.6 0.005615583827638699
-78.5 0.005389322024158823
-78.4 0.0048986545567541945
-78.3 0.004167521745475241
-78.2 0.0032316664989587665
-78.1 0.0021368875399868053
-78.0 0.0009367985227551543
-77.9 -0.00030979729747506027
-77.8 -0.0015417882483520409
-77.7 -0.0026987500550921468
-77.6 -0.0037239093633860882
-77.5 -0.004566929561806061
-77.4 -0.005186382151434863
-77.3 -0.005551782286823168
-77.2 -0.005645088455722259
-77.1 -0.0054615925277603184
-77.0 -0.005010156295023486
-76.9 -0.004312782681846057
-76.8 -0.0034035424423450498
-76.7 -0.0023269087887015203
-76.6 -0.0011355814474223373
-76.5 0.00011209330192216315
-76.4 0.001354980220892954
-76.3 0.0025321503243567953
-76.2 0.0035858669331724877
-76.1 0.004464416225346838
-76.0 0.005124643553910369
-75.9 0.00553407120949991
-75.8 0.00567249380610786
-75.7 0.005532973052786296
-75.6 0.00512218308655925
-75.5 0.004460089340429113
-75.4 0.003578976546725909
-75.3 0.0025218733329289513
-75.2 0.001340450395787235
-75.1 9.249499649769907e-05
-75.0 -0.001160914752784993
-74.9 -0.002358397654219691
-74.8 -0.0034412731533524717
-74.7 -0.004356434153559685
-74.6 -0.005058948422919524
-74.5 -0.005514261347695484
-74.4 -0.005699892246311868
-74.3 -0.005606541178286975
-74.2 -0.005238551956864086
-74.1 -0.004613708497624756
-74.0 -0.0037623741758326212
-73.9 -0.0027260159364142582
-73.8 -0.0015551849397014202
-73.7 -0.0003070520702945882
-73.6 0.0009573816072692958
-73.5 0.0021762634532045103
-73.4 0.003289911638060741
-73.3 0.004243733818515598
-73.2 0.004990899586244476
-73.1 0.005494636091117974
-73.0 0.0057300345259132
-72.9 0.005685278926478644
-72.8 0.00536223683559469
-72.7 0.004776382436770091
-72.6 0.003956055277306105
-72.5 0.00294109008819266
-72.4 0.0017808838964395609
-72.3 0.000531994119654829
-72.2 -0.0007446157072103116
-72.1 -0.001986548618099373
-72.0 -0.0031330205583687035
-71.9 -0.004127831861041504
-71.8 -0.00492211879628096
-71.7 -0.005476750664599258
-71.6 -0.005764255001628334
-71.5 -0.005770176303626305
-71.4 -0.005493801165296276
-71.3 -0.004948213514777639
-71.2 -0.00415967624146403
-71.1 -0.003166368355831674
-71.0 -0.0020165382983415676
-70.9 -0.0007661625909734943
-70.8 0.0005237766967626345
-70.7 0.0017902634065177928
-70.6 0.0029713230396855844
-70.5 0.004009052817847342
-70.4 0.004852458038779889
-70.3 0.0054599558975153475
-70.2 0.005801423918581905
-70.1 0.005859692147696325
-70.0 0.0056314052181508315
-69.9 0.005127211033420904
-69.8 0.004371265606406546
-69.7 0.00340007697064272
-69.6 0.002260743401975905
-69.5 0.001008670879772962
-69.4 -0.0002951196806023211
-69.3 -0.0015869646369396013
-69.2 -0.0028036645765928537
-69.1 -0.0038855744595536817
-69.0 -0.004779525912889501
-68.9 -0.005441438547799265
-68.8 -0.005838492087498041
-68.7 -0.005950752306812586
-68.6 -0.005772170268825834
-68.5 -0.005310904816150456
-68.4 -0.004588951252654705
-68.3 -0.0036410930284210457
-68.2 -0.0025132263616641764
-68.1 -0.0012601384753791233
-68.0 5.7153014265660945e-05
-67.9 0.0013743703670910305
-67.8 0.0026271110754100212
-67.7 0.0037539953959908334
-67.6 0.0046996722626344144
-67.5 0.005417536416907653
-67.4 0.005872023431772031
-67.3 0.006040369680935619
-67.2 0.005913750241477046
-67.1 0.00549773795030105
-67.0 0.004812059896505643
-66.9 0.0038896619106227096
-66.8 0.0027751254353916063
-66.7 0.0015225128777260418
-66.6 0.00019274559535429407
-66.5 -0.0011493583122395737
-66.4 -0.0024382423925610784
-66.3 -0.0036108125487064615
-66.2 -0.004609523858671392
-66.1 -0.00538520256831267
-66.0 -0.0058994649694901905
-65.9 -0.006126614294853863
-65.8 -0.00605492201539504
-65.7 -0.005687229794090691
-65.6 -0.005040841379185766
-65.5 -0.004146708308650079
-65.4 -0.0030479477587398145
-65.3 -0.0017977635244212304
-65.2 -0.0004568703722876944
-65.1 0.0009094535738284414
-65.0 0.00223454336702506
-64.9 0.003453598195149931
-64.8 0.004506848326844992
-64.7 0.005342483385998671
-64.6 0.005919198615873584
-64.5 0.006208234123568611
-64.4 0.006194806554122602
-64.3 0.0058788620521701695
-64.2 0.005275112305584789
-64.1 0.004412350333151178
-64.0 0.003332077783231097
-63.9 0.0020865091436460207
-63.8 0.0007360487838669687
-63.7 -0.0006536373341071588
-63.6 -0.002014813402219336
-63.5 -0.0032809739254870407
-63.4 -0.004390091602612518
-63.3 -0.005287654407403367
-63.2 -0.005929343250919233
-63.1 -0.006283218771650968
-63.0 -0.006331309417143486
-62.9 -0.006070521911028296
-62.8 -0.005512828048731927
-62.7 -0.004684716942679685
-62.6 -0.0036259376356243198
-62.5 -0.0023875916757261336
-62.4 -0.0010296671059518763
-62.3 0.00038186719751959533
-62.2 0.001778266150016746
-62.1 0.0030913564108788908
-62.0 0.004256864634653141
-61.9 0.005217563533957901
-61.8 0.005926081740843206
-61.7 0.006347239468075735
-61.6 0.006459794766938729
-61.5 0.006257513660305375
-61.4 0.00574951022408174
-61.3 0.0049598382072272955
-61.2 0.003926352292802295
-61.1 0.0026988928281871465
-61.0 0.0013368810433572445
-60.9 -9.355919846596647e-05
-60.8 -0.0015228136446422474
-60.7 -0.0028811677479018295
-60.6 -0.0041022093914841054
-60.5 -0.005126078005516603
-60.4 -0.005902400947663027
-60.3 -0.006392772937907239
-60.2 -0.006572656349229726
-60.1 -0.006432608203431535
-60.0 -0.005978772445992529
-59.9 -0.005232611883705604
-59.8 -0.004229891316338252
-59.7 -0.003018960060475816
-59.6 -0.0016584164506675202
-59.5 -0.00021426731775620655
-59.4 0.0012432796145789944
-59.3 0.0026432342427292954
-59.2 0.003917286721103414
-59.1 0.005003144984874917
-59.0 0.005847583754763258
-58.9 0.0064090554813373436
-58.8 0.006659734903391428
-58.7 0.006586896439759958
-58.6 0.006193556163415627
-58.5 0.005498346030556632
-58.4 0.0045346255947259495
-58.3 0.003348873783121611
-58.2 0.001998438612701297
-58.1 0.000548754239303009
-58.0 -0.0009298390898963177
-57.9 -0.0023655170642576783
-57.8 -0.0036884682534783953
-57.7 -0.0048342951457879
-57.6 -0.005747153082498551
-57.5 -0.00638247367107463
-57.4 -0.006709139569701627
-57.3 -0.006711004379451547
-57.2 -0.006387683435061553
-57.1 -0.005754576973956473
-57.0 -0.004842124728362065
-56.9 -0.0036943285778566525
-56.8 -0.002366615669795563
-56.7 -0.000923146604014327
-56.6 0.0005662996940247173
-56.5 0.0020297122446697393
-56.4 0.003396340207178449
-56.3 0.00460012083274984
-56.2 0.005582876422821843
-56.1 0.0062971251066492135
-56.0 0.006708369395518695
-55.9 0.006796752229319427
-55.8 0.006558001320541675
-55.7 0.006003617477564161
-55.6 0.005160299527556224
-55.5 0.004068635637682525
-55.4 0.0027811264249160556
-55.3 0.0013596375084923668
-55.2 -0.0001275934742152452
-55.1 -0.0016092492180284769
-55.0 -0.0030143643702848287
-54.9 -0.0042757302676472205
-54.8 -0.005333108700167419
-54.7 -0.006136100649907003
-54.6 -0.00664653341924046
-54.5 -0.006840253559133879
-54.4 -0.006708242311896015
-54.3 -0.006257003425447242
-54.2 -0.005508208529973169
-54.1 -0.004497621052344634
-54.0 -0.0032733541322678946
-53.9 -0.0018935495309254891
-53.8 -0.00042359158468844606
-53.7 0.0010670084148205795
-53.6 0.0025079074097730148
-53.5 0.0038312480447079836
-53.4 0.004974841443954958
-53.3 0.005885066141102348
-53.2 0.006519348839754109
-53.1 0.006848113735230524
-53.0 0.006856113294555854
-52.9 0.006543083349508976
-52.8 0.005923697616457522
-52.7 0.005026829744616976
-52.6 0.0038941631332475956
-52.5 0.0025782185421670102
-52.4 0.0011398955872242442
-52.3 -0.0003543545913168426
-52.2 -0.0018355927701406527
-52.1 -0.003235549414800863
-52.0 -0.004489732593146216
-51.9 -0.005540346047321201
-51.8 -0.006338887917885385
-51.7 -0.00684831673286459
-51.6 -0.007044692165639448
-51.5 -0.006918222665058927
-51.4 -0.006473679170547336
-51.3 -0.005730162472208693
-51.2 -0.004720240078659751
-51.1 -0.0034884954801628837
-51.0 -0.002089557312316379
-50.9 -0.0005856971570843271
-50.8 0.0009558982289058125
-50.7 0.002466062174235945
-50.6 0.003876665574739537
-50.5 0.00512358939104328
-50.4 0.006149528164321258
-50.3 0.006906508621921002
-50.2 0.007358019908911243
-50.1 0.00748066823451892
-50.0 0.007265288049114463
-49.9 0.006717463480317799
-49.8 0.005857436829452555
-49.7 0.004719404628365086
-49.6 0.0033502252671373015
-49.5 0.001807584752864055
-49.4 0.00015768803418537245
-49.3 -0.001527438118000166
-49.2 -0.0031729290119787584
-49.1 -0.004704238753225989
-49.0 -0.006050347274497241
-48.9 -0.007146890710095044
-48.8 -0.007939087979096262
-48.7 -0.008384340698110988
-48.6 -0.008454392249759591
-48.5 -0.008136944907032763
-48.4 -0.007436651155605989
-48.3 -0.006375416435688157
-48.2 -0.004991974971200443
-48.1 -0.0033407275471055006
-48.0 -0.0014898592627839045
-47.9 0.0004812144924465328
-47.8 0.002484995388228464
-47.7 0.004429535356371032
-47.6 0.006222421617275898
-47.5 0.0077749566994781295
-47.4 0.009006358877943972
-47.3 0.009847796982360654
-47.2 0.010246069388557634
-47.1 0.010166741048831139
-47.0 0.009596565189300823
-46.9 0.008545037992280794
-46.8 0.007044964959879666
-46.7 0.005151956037413205
-46.6 0.0029428118048303127
-46.5 0.0005128134997540925
-46.4 -0.002028016733482262
-46.3 -0.004559564582353572
-46.2 -0.00695700803686892
-46.1 -0.009096716626211138
-46.0 -0.01086240434578534
-45.9 -0.012151245387444266
-45.8 -0.012879644654632691
-45.7 -0.012988352501888786
-45.6 -0.012446626466400946
-45.5 -0.011255172484945996
-45.4 -0.009447643887313551
-45.3 -0.007090537094435492
-45.2 -0.0042813962766645175
-45.1 -0.0011453222250656571
-45.0 0.002170130435753605
-44.9 0.005501493221165534
-44.8 0.008677099490081757
-44.7 0.011525635798432996
-44.6 0.013885123461733566
-44.5 0.015611877304207588
-44.4 0.01658896261049264
-44.3 0.01673366985070604
-44.2 0.016003551535825125
-44.1 0.014400616928249064
-44.0 0.011973357150419741
-43.9 0.008816372849698108
-43.8 0.005067494864009964
-43.7 0.0009024198277625445
-43.6 -0.0034729792119081045
-43.5 -0.007832369709882063
-43.4 -0.011940277771014472
-43.3 -0.0155644687568889
-43.2 -0.018488762827698266
-43.1 -0.02052559933382511
-43.0 -0.021527640719392872
-42.9 -0.02139772205891783
-42.8 -0.020096507894334596
-42.7 -0.017647312818212583
-42.6 -0.014137673088206112
-42.5 -0.009717418013785534
-42.4 -0.0045931743951005905
-42.3 0.0009805643922232512
-42.2 0.006713471624270505
-42.1 0.012293996572042285
-42.0 0.017405850497346855
-41.9 0.021745527541947005
-41.8 0.025039917323527283
-41.7 0.027063013556002526
-41.6 0.027650725095685773
-41.5 0.02671285524794213
-41.4 0.02424143151784514
-41.3 0.020314737466914926
-41.2 0.015096613847076537
-41.1 0.008830847549921087
-41.0 0.001830741322654018
-40.9 -0.005535760172893238
-40.8 -0.012864737633925647
-40.7 -0.01973785698538928
-40.6 -0.025745710898992417
-40.5 -0.030511675332442364
-40.4 -0.033714925125464854
-40.3 -0.03511123822341932
-40.2 -0.0345502830268171
-40.1 -0.03198822774927218
-40.0 -0.02749472987879242
-39.9 -0.02125364859527518
-39.8 -0.013557159682471603
-39.7 -0.004793323725719673
-39.6 0.004572456047026268
-39.5 0.014021272129298674
-39.4 0.02300868582251567
-39.3 0.03099537866592552
-39.2 0.03747880327945223
-39.1 0.04202402103752673
-39.0 0.044291881295363426
-38.9 0.04406277176205394
-38.8 0.04125435257725656
-38.7 0.035931971804149365
-38.6 0.028310835136639564
-38.5 0.018749449435275664
-38.4 0.007734354931778954
-38.3 -0.0041433227116146835
-38.2 -0.016218461638670936
-38.1 -0.027788167150895486
-38.0 -0.03815172268823274
-37.9 -0.04665205858491272
-37.8 -0.05271634370394635
-37.7 -0.055893254644833995
-37.6 -0.05588457041731823
-37.5 -0.05256897804415987
-37.4 -0.04601634863590852
-37.3 -0.03649123766527868
-37.2 -0.024444953112643213
-37.1 -0.010496189681805795
-37.0 0.004599090035947424
-36.9 0.019987175470016973
-36.8 0.03476355832216594
-36.7 0.04802481544484196
-36.6 0.058922527006424974
-36.5 0.06671608982923596
-36.4 0.0708212211733846
-36.3 0.07085107328682753
-36.2 0.06664719430991145
-36.1 0.05829806572386885
-36.0 0.04614359829359535
-35.9 0.030764744768120585
-35.8 0.012958246948319697
-35.7 -0.006302571191322532
-35.6 -0.02591917628406258
-35.5 -0.044728771182725786
-35.4 -0.06157153818598868
-35.3 -0.07536039171149933
-35.2 -0.08514914651010504
-35.1 -0.0901949360733067
-35.0 -0.09001089277948658
-34.9 -0.0844055261489348
-34.8 -0.07350589290186946
-34.7 -0.05776251218492788
-34.6 -0.03793499768999796
-34.5 -0.015058500352623181
-34.4 0.009607782750548436
-34.3 0.034647644467206216
-34.2 0.0585670250222285
-34.1 0.07988099768657587
-34.0 0.09720364441280269
-33.9 0.1093355108127568
-33.8 0.11534326378817848
-33.7 0.11462643176003942
-33.6 0.1069666842503766
-33.5 0.09255598248941815
-33.4 0.07200106470165293
-33.3 0.04630306045551426
-33.2 0.016812485215489663
-33.1 -0.014838634288859376
-33.0 -0.04682430030133308
-32.9 -0.077227229843614
-32.8 -0.10415107135627003
-32.7 -0.1258357397426273
-32.6 -0.14076901681543877
-32.5 -0.14778752155766345
-32.4 -0.14616052827219705
-32.3 -0.13565089431274593
-32.2 -0.11654852119936628
-32.1 -0.08967325782793113
-32.0 -0.05634588467931051
-31.9 -0.01832769797453586
-31.8 0.02226886567650656
-31.7 0.06309427545349487
-31.6 0.10169467502754638
-31.5 0.13565606240928935
-31.4 0.16275159724267424
-31.3 0.18108324435646564
-31.2 0.1892089684170541
-31.1 0.18624723341641505
-31.0 0.1719516201668608
-30.9 0.14674991053426029
-30.8 0.11174392375932471
-30.7 0.06866862558935406
-30.6 0.019811440719485967
-30.5 -0.032104856443706635
-30.4 -0.08406996549323018
-30.3 -0.13295681692011488
-30.2 -0.17570580051641307
-30.1 -0.20951183363908035
-30.0 -0.2320030682636439
-29.9 -0.2414001238325228
-29.8 -0.23664549762138934
-29.7 -0.21749422444320088
-29.6 -0.18455887111009564
-29.5 -0.13930445795789317
-29.4 -0.08399176602175824
-29.3 -0.02157055349238828
-29.2 0.04447270972931007
-29.1 0.11030506159288715
-29.0 0.17196512411412726
-28.9 0.22559688692963512
-28.8 0.2676856580315236
-28.7 0.2952820199368889
-28.6 0.30619984265999434
-28.5 0.2991754697941188
-28.4 0.2739770768071056
-28.3 0.23145581648454033
-28.2 0.17353358297642132
-28.1 0.10312586961434651
-28.0 0.024002060987219
-27.9 -0.05941063960240602
-27.8 -0.14226982422462803
-27.7 -0.21959405734074644
-27.6 -0.2865571554646078
-27.5 -0.3387834751681939
-27.4 -0.37262645726065974
-27.3 -0.38541306697608674
-27.2 -0.3756382245323999
-27.1 -0.34309578614071523
-27.0 -0.28893599806107334
-26.9 -0.21564343295242003
-26.8 -0.12693400610228608
-26.7 -0.027574498717223072
-26.6 0.07686719758003337
-26.5 0.18032844748283983
-26.4 0.27659834305529435
-26.3 0.3596847997038368
-26.2 0.4241809007549986
-26.1 0.46560844361044396
-26.0 0.48071727729160596
-25.9 0.4677209705061862
-25.8 0.42645253681059064
-25.7 0.3584282172703566
-25.6 0.26681245878050364
-25.5 0.15628294589858197
-25.4 0.03280051926938911
-25.3 -0.09670530796983764
-25.2 -0.2247191010152321
-25.1 -0.3435697602001916
-25.0 -0.4458839978195228
-24.9 -0.5250365740398759
-24.8 -0.5755701799997531
-24.7 -0.5935588169590111
-24.6 -0.576891085912126
-24.5 -0.525453868319446
-24.4 -0.441202247485136
-24.3 -0.32810790867946893
-24.2 -0.19198531101682847
-24.1 -0.04020224079733489
-24.0 0.11871149837939875
-23.9 0.2755369647942268
-23.8 0.4208947141018958
-23.7 0.5457992423545417
-23.6 0.642206826452326
-23.5 0.7035237640946591
-23.4 0.7250433929462755
-23.3 0.7042835879856125
-23.2 0.641201555170873
-23.1 0.5382694041506145
-23.0 0.4004018375070607
-22.9 0.23473590142365347
-22.8 0.05027160692382656
-22.7 -0.1426091738725066
-22.6 -0.33272033062679923
-22.5 -0.5087139357891745
-22.4 -0.6597509428931062
-22.3 -0.7761608948507351
-22.2 -0.8500509059587723
-22.1 -0.8758260830060146
-22.0 -0.8505877763285185
-21.9 -0.7743824126872345
-21.8 -0.6502818363305577
-21.7 -0.48428563220061005
-21.6 -0.28504629062610637
-21.5 -0.06342869537813424
-21.4 0.16807435488607958
-21.3 0.3960396731946356
-21.2 0.6068857322302325
-21.1 0.7876752001279883
-21.0 0.9269009123476043
-20.9 1.0152079469032447
-20.8 1.0460070169834528
-20.7 1.0159396922904163
-20.6 0.9251637636376885
-20.5 0.7774369726586178
-20.4 0.5799888009695857
-20.3 0.34318240362688757
-20.2 0.07998136094063188
-20.1 -0.19475203926084134
-20.0 -0.4650895261911915
-19.9 -0.7149543293324049
-19.8 -0.9290709290162099
-19.7 -1.0938913212347023
-19.6 -1.1984420341714768
-19.5 -1.2350394595671925
-19.4 -1.1998276070075973
-19.3 -1.0931018416714384
-19.2 -0.919394031789079
-19.1 -0.6873081597188027
-19.0 -0.40911006703290165
-18.9 -0.10008975793910821
-18.8 0.22227130359925767
-18.7 0.5392830566008995
-18.6 0.8321249897741211
-18.5 1.08295770598239
-18.4 1.276002577850629
-18.3 1.3985245280634298
-18.2 1.441657216967977
-18.1 1.4010178947127145
-18.0 1.2770704847492431
-17.9 1.075209510480887
-17.8 0.8055534797072726
-17.7 0.48245338964370854
-17.6 0.12373911259035354
-17.5 -0.2502574528119618
-17.4 -0.6178494136911878
-17.3 -0.9572477310112307
-17.2 -1.2478477896328657
-17.1 -1.4714740009675769
-17.0 -1.6135075902059428
-16.9 -1.6638280448722313
-16.8 -1.6175082886131416
-16.7 -1.475217012574828
-16.6 -1.2432980285473232
-16.5 -0.9335150865552254
-16.4 -0.5624702600386087
-16.3 -0.15072359224491808
-16.2 0.278339953969279
-16.1 0.6998342160234132
-16.0 1.0888115771458726
-15.9 1.4217356667188068
-15.8 1.6779002969292018
-15.7 1.84070936341011
-15.6 1.8987389938603758
-15.5 1.8465146058575344
-15.4 1.6849511498236007
-15.3 1.4214238168942632
-15.2 1.069457816375532
-15.1 0.6480482459323599
-15.0 0.1806432727878891
-14.9 -0.30615551287126697
-14.8 -0.7841038819082603
-14.7 -1.2249512991165343
-14.6 -1.6021081525807745
-14.5 -1.892245628892514
-14.4 -2.0767321672263086
-14.3 -2.142818367284335
-14.2 -2.0844955583600053
-14.1 -1.9029712622385078
-14.0 -1.6067265112086964
-13.9 -1.2111441848575986
-13.8 -0.7377228065189045
-13.7 -0.21291510417341522
-13.6 0.33334639834128016
-13.5 0.8693548377229571
-13.4 1.3634684705810898
-13.3 1.785977481596011
-13.2 2.110888056336656
-13.1 2.3175166933180145
-13.0 2.391797203897596
-12.9 2.3272182803202712
-12.8 2.1253300806833404
-12.7 1.7957828436688483
-12.6 1.355887707262022
-12.5 0.8297180883199802
-12.4 0.24679752145051678
-12.3 -0.35955489436815274
-12.2 -0.9541288745702305
-12.1 -1.50186833488204
-12.0 -1.9699389294062877
-11.9 -2.329695757522561
-11.8 -2.558433327480001
-11.7 -2.6408110021362066
-11.6 -2.569864799178128
-11.5 -2.3475396207218027
-11.4 -1.9847034462979252
-11.3 -1.5006351668122595
-11.2 -0.9220088100689734
-11.1 -0.2814270750644315
-11.0 0.38441545549630857
-10.9 1.0368359889021408
-10.8 1.6374134005584462
-10.7 2.150253315057034
-10.6 2.544134704652261
-10.5 2.794409534695397
-10.4 2.884539896113943
-10.3 2.8071770058733514
-10.2 2.564712334563425
-10.1 2.1692614746290393
-10.0 1.6420744463492167
-9.9 1.0124000193210982
-9.8 0.315864300599977
-9.7 -0.4075466509803688
-9.6 -1.1157858751679581
-9.5 -1.767193845924107
-9.4 -2.3229532752900726
-9.3 -2.749405476158425
-9.2 -3.0200898518737898
-9.1 -3.1173828439142053
-9.0 -3.033634938038208
-8.9 -2.771732867916802
-8.8 -2.345047339539225
-8.7 -1.7767625106119664
-8.6 -1.0986199938184957
-8.5 -0.3491451476541766
-8.4 0.4285452221082707
-8.3 1.1892288055748255
-8.2 1.8882137407442443
-8.1 2.483970563873504
-8.0 2.940604792361392
-7.9 3.230022612123564
-7.8 3.3336588008315653
-7.7 3.243660599169325
-7.6 2.9634523638842842
-7.5 2.5076417155297213
-7.4 1.9012664466076707
-7.3 1.1784204193692205
-7.2 0.380333747865822
-7.1 -0.44698449177459165
-7.0 -1.255405938969365
-6.9 -1.9974908483196427
-6.8 -2.6292799232382773
-6.7 -3.112905313119041
-6.6 -3.418865273557403
-6.5 -3.527825545254323
-6.4 -3.4318373272339415
-6.3 -3.134895281723257
-6.2 -2.6527973759433237
-6.1 -2.0123093031334456
-6.0 -1.2496773236783278
-5.9 -0.40857219089568814
-5.8 0.4624189452431708
-5.7 1.3126081942685761
-5.6 2.092166454571529
-5.5 2.7550534505600424
-5.4 3.261745422113015
-5.3 3.5815983515494465
-5.2 3.6947050195237128
-5.1 3.5931331094966654
-5.0 3.2814673732917
-4.9 2.7766194514912956
-4.8 2.106911937825091
-4.7 1.310486153368096
-4.6 0.43312331251328506
-4.5 -0.47439608120784305
-4.4 -1.359241788895752
-4.3 -2.1696204104045127
-4.2 -2.857817997910343
-4.1 -3.383019326234447
-4.0 -3.7137366492424726
-3.9 -3.8297029311375548
-3.8 -3.7231153881062595
-3.7 -3.399152927063623
-3.6 -2.875733522830719
-3.5 -2.1825222415949717
-3.4 -1.359244862286296
-3.3 -0.45340324657644093
-3.2 0.48247569075341223
-3.1 1.3938974943846438
-3.0 2.2275855127079254
-2.9 2.9346071661742417
-2.8 3.473256985138569
-2.7 3.811525904859598
-2.6 3.9290100706020996
-2.5 3.8181449245091676
-2.4 3.4846897244199813
-2.3 2.9474315760535297
-2.2 2.2371239591840966
-2.1 1.3947198857709369
-2.0 0.46900156919715186
-1.9 -0.48625567090659716
-1.8 -1.4154197316246797
-1.7 -2.264254628826554
-1.6 -2.9830990140155245
-1.5 -3.5297832814553494
-1.4 -3.8721132294179528
-1.3 -3.9897734140021317
-1.2 -3.875537227064462
-1.1 -3.5357113539828395
-1.0 -2.9897872322213797
-0.9 -2.26931878651372
-0.8 -1.4160913049888482
-0.7 -0.47968814576525015
-0.6 0.48540245235920676
-0.5 1.422970949740061
-0.4 2.2783737103871013
-0.3 3.001730806077157
-0.2 3.550846516434922
-0.1 3.8936808289900697
0.0 4.010226585997867
0.1 3.8936818509023423
0.2 3.550848515996509
0.3 3.001733696530907
0.4 2.2783773659605644
0.5 1.4229752107180769
0.6 0.4854071315779179
0.7 -0.4796832552280723
0.8 -1.416086421200637
0.9 -2.2693141294668275
1.0 -2.989783014355701
1.1 -3.535707770825684
1.2 -3.875534448374312
1.3 -3.989771575801368
1.4 -3.872112427282537
1.5 -3.5297835653959195
1.6 -2.983100385233904
1.7 -2.2642570385648617
1.8 -1.4154230822425637
1.9 -0.486259819228057
2.0 0.46899680632875945
2.1 1.394714723898345
2.2 2.237118636877099
2.3 2.9474263441603985
2.4 3.484684834391775
2.5 3.818140616328684
2.6 3.929006560895373
2.7 3.811523375786412
2.8 3.4732555746467253
2.9 2.9346069601587157
3.0 2.2275865395412473
3.1 1.3938997221809235
3.2 0.48247902759977307
3.3 -0.4533989493347687
3.4 -1.359239803779996
3.5 -2.182516662418452
3.6 -2.8757276936741474
3.7 -3.399147135519876
3.8 -3.723109924299626
3.9 -3.8296980729051486
4.0 -3.7137326476455317
4.1 -3.3830163921806427
4.2 -2.8578162906284135
4.3 -2.1696200284296436
4.4 -1.3592427641017406
4.5 -0.47439837626608655
4.6 0.4331198030492759
4.7 1.310481598350799
4.8 2.1069065613729188
4.9 2.7766135218133194
5.0 3.2814611890448857
5.1 3.5931269843886064
5.2 3.694699265980512
5.3 3.5815932643296544
5.4 3.261741262760043
5.5 2.7550504335461055
5.6 2.092164735897563
5.7 1.312607863151644
5.8 0.4624200193530467
5.9 -0.4085697663859432
6.0 -1.2496736731754259
6.1 -2.0123046140036984
6.2 -2.6527918885583293
6.3 -3.13488927672474
6.4 -3.431831110722871
6.5 -3.5278194327200283
6.6 -3.4188595734256357
6.7 -3.1129003108105495
6.8 -2.629275866591174
6.9 -1.9974879351427668
7.0 -1.2554043073654446
7.1 -0.4469842137098369
7.2 0.38033266945515043
7.3 1.1784180498412764
7.4 1.9012629153577068
7.5 2.507637208506427
7.6 2.963447113341983
7.7 3.243654871254471
7.8 3.3336528817009223
7.9 3.2300167933487183
8.0 2.940599356388126
8.1 2.483965770276075
8.2 1.8882098139471915
8.3 1.189225924614215
8.4 0.42854351287757597
8.5 -0.34914561737262445
8.6 -1.0986192163883823
8.7 -1.7767605376485496
8.8 -2.345044278233775
8.9 -2.771728874856121
9.0 -3.033630210901874
9.1 -3.1173776115131244
9.2 -3.020084363046881
9.3 -2.7493999880694258
9.4 -2.322948041664828
9.5 -1.767189105742845
9.6 -1.1157818422806984
9.7 -0.407543505050949
9.8 0.31586642149008465
9.9 1.012401024159509
10.0 1.6420742946048241
10.1 2.169260177508766
10.2 2.5647099541135603
10.3 2.8071736520012336
10.4 2.884535721674856
10.5 2.7944047288513865
10.6 2.5441294847637863
10.7 2.150247917414695
10.8 1.637408070300488
10.9 1.0368309694935767
11.0 0.3844109781667149
11.1 -0.2814308015159965
11.2 -0.9220116086932298
11.3 -1.500636900756762
11.4 -1.9847040255118922
11.5 -2.347539006790271
11.6 -2.5698630080145946
11.7 -2.640808104336426
11.8 -2.5584294462280845
11.9 -2.3296910640417297
12.0 -1.9699336360572057
12.1 -1.5018626861270004
12.2 -0.9541231361359217
12.3 -0.35954934104691644
12.4 0.2468026188279046
12.5 0.8297224761346922
12.6 1.3558911619300893
12.7 1.795785183372664
12.8 2.1253311753700928
12.9 2.327218059384957
13.0 2.3917956610638167
13.1 2.3175138883584276
13.2 2.110884113431147
13.3 1.7859725843015335
13.4 1.3634628535732296
13.5 0.8693487756547619
13.6 0.3333401923383545
13.7 -0.21292114171230805
13.8 -0.7377283680297506
13.9 -1.211148983766903
14.0 -1.6067302972500823
14.1 -1.9029738350683991
14.2 -2.084496778687621
14.3 -2.142818164856801
14.4 -2.0767305451772478
14.5 -1.892242664162841
14.6 -1.6021039923417377
14.7 -1.2249461533540877
14.8 -0.7840980125505811
14.9 -0.3061492200436547
15.0 0.18064966662698653
15.1 0.6480544130948406
15.2 1.069463441333466
15.3 1.4214286129857492
15.4 1.6849548743449807
15.5 1.8465170727082387
15.6 1.8987400830516843
15.7 1.840709026934128
15.8 1.6778985606974655
15.9 1.4217326285078768
16.0 1.0888074007157023
16.1 0.6998291217892293
16.2 0.27833420679621385
16.3 -0.15072969740419717
16.4 -0.5624764138377127
16.5 -0.9335209813995339
16.6 -1.2433033743099053
16.7 -1.475221551051289
16.8 -1.6175118059799607
16.9 -1.6638303815479774
17.0 -1.6135086476785405
17.1 -1.4714737453324551
17.2 -1.2478462517744342
17.3 -0.957245003542377
17.4 -0.6178456449316897
17.5 -0.25025283822801053
17.6 0.12374434095352539
17.7 0.4824589751301643
17.8 0.8055591537772194
17.9 1.075215005553628
18.0 1.2770755465532957
18.1 1.4010222935961154
18.2 1.4416607577059881
18.3 1.398527057800279
18.4 1.2760039919194721
18.5 1.0829579514566439
18.6 0.8321240667078754
18.7 0.539281017011582
18.8 0.22226824832888875
18.9 -0.1000936842786841
19.0 -0.4091146827710089
19.1 -0.6873132541928435
19.2 -0.9193993744391167
19.3 -1.0931071918168365
19.4 -1.199832723951431
19.5 -1.2350441126723988
19.6 -1.1984460125567928
19.7 -1.093894442747823
19.8 -0.9290730481566486
19.9 -0.7149553438181024
20.0 -0.46508938189260035
20.1 -0.19475073326549847
20.2 0.0799837793194594
20.3 0.34318583402119646
20.4 0.5799930953558082
20.5 0.7774419409470542
20.6 0.9251691813186433
20.7 1.0159453099025155
20.8 1.04601257106817
20.9 1.0152131720138247
21.0 0.9269055535969769
21.1 0.7876790256957407
21.2 0.6068885452097581
21.3 0.39604132215354193
21.4 0.16807474253978416
21.5 -0.06342960591623048
21.6 -0.285048472454962
21.7 -0.4842889944071761
21.8 -0.6502862270761118
21.9 -0.7743876255716631
22.0 -0.8505935598129041
22.1 -0.8758321524897443
22.2 -0.8500569579379905
22.3 -0.7761666224420498
22.4 -0.6597560519006906
22.5 -0.5087181604332418
22.6 -0.3327234480429353
22.7 -0.14261101653704467
22.8 0.05027114158817307
22.9 0.23473684485992852
23.0 0.40040414766355625
23.1 0.5382729671392318
23.2 0.6412061909014755
23.3 0.7042890594976088
23.4 0.7250494189364074
23.5 0.7035300339459145
23.6 0.6422130169159157
23.7 0.5458050349351693
23.8 0.4208998121530736
23.9 0.2755411093481653
24.0 0.11871448181393185
24.1 -0.0402005640193132
24.2 -0.19198501712067054
24.3 -0.32810900123637543
24.4 -0.4412046580916495
24.5 -0.5254574611973952
24.6 -0.576895666099029
24.7 -0.5935641415552914
24.8 -0.5755759717729362
24.9 -0.5250425365669418
25.0 -0.4458898312831343
25.1 -0.3435751769450717
25.2 -0.22472384001622395
25.3 -0.09670914745815752
25.4 0.0327977516387202
25.5 0.15628136578780627
25.6 0.26681212108243824
25.7 0.3584291152661016
25.8 0.42645460445921957
25.9 0.46772408758780154
26.0 0.4807212769867888
26.1 0.46561312199549215
26.2 0.4241860276272639
26.3 0.35969013012595685
26.4 0.27660362901904106
26.5 0.18033344913820623
26.6 0.07687169354651295
26.7 -0.02757070235019675
26.8 -0.1269310683784841
26.9 -0.2156414724457397
27.0 -0.28893508915890154
27.1 -0.3430959572196675
27.2 -0.3756394579602837
27.3 -0.38541530081858494
27.4 -0.37262958853241324
27.5 -0.3387873644440069
27.6 -0.28656163265417967
27.7 -0.21959892842570175
27.8 -0.14227487875545117
27.9 -0.05941565875123264
28.0 0.023997296027113865
28.1 0.10312156910184132
28.2 0.1735299402038169
28.3 0.2314529997216428
28.4 0.273975221883562
28.5 0.2991746736128316
28.6 0.30620015794369276
28.7 0.2952834515059884
28.8 0.26768816088965863
28.9 0.225600366390244
29.0 0.17196943813538004
29.1 0.1103100253994016
29.2 0.04447810269012683
29.3 -0.021564978884184263
29.4 -0.08398627335440607
29.5 -0.13929931470904547
29.6 -0.18455433559550213
29.7 -0.21749053254283504
29.8 -0.23664284998794105
29.9 -0.24139867431614023
30.0 -0.23200291427071196
30.1 -0.20951300907869116
30.2 -0.17570827187652804
30.3 -0.1329604828602972
30.4 -0.08407466015001258
30.5 -0.032110356429033204
30.6 0.019805405873374007
30.7 0.06866236000854624
30.8 0.11173774950441825
30.9 0.1467441504178224
31.0 0.17194658007804461
31.1 0.18624318518274027
31.2 0.18920613423286117
31.3 0.181081783740097
31.4 0.16275159735251535
31.5 0.1356575323594309
31.6 0.10169754460839961
31.7 0.0630983983961196
31.8 0.022274027319069894
31.9 -0.018321769035048327
32.0 -0.05633950161865112
32.1 -0.08966675818858173
32.2 -0.11654224808122915
32.3 -0.13564517728354095
32.4 -0.14615566513670386
32.5 -0.14778376206738775
32.6 -0.14076654927299703
32.7 -0.12583468126711045
32.8 -0.10415146234012311
32.9 -0.07722903286459794
33.0 -0.04682740347329932
33.1 -0.01484285876146433
33.2 0.016807374147014588
33.3 0.0462973393775396
33.4 0.07199503614742395
33.5 0.0925499580348179
33.6 0.10696096765665679
33.7 0.11462130313753159
33.8 0.11533896565145765
33.9 0.1093322367425614
34.0 0.09720153084624944
34.1 0.07988011913995174
34.2 0.05856739282611257
34.3 0.03464920887787078
34.4 0.009610438108954792
34.5 -0.015054907900360523
34.6 -0.037930660510431854
34.7 -0.057757650178197235
34.8 -0.07350074190622152
34.9 -0.08440032637890423
35.0 -0.09000587787768378
35.1 -0.09019032325525886
35.2 -0.08514512816159461
35.3 -0.0753571286699997
35.4 -0.061569154813261764
35.5 -0.04472735222432137
35.6 -0.02591876542096051
35.7 -0.0063031711242029255
35.8 0.012956673078886644
35.9 0.030762270833095018
36.0 0.04614033169447444
36.1 0.05829414314743481
36.2 0.06664277685031818
36.3 0.07084634102947451
36.4 0.07081636730483692
36.5 0.06671131432067756
36.6 0.05891802991906401
36.7 0.04802078992613935
36.8 0.03476018340073237
36.9 0.019984608810707984
37.0 0.004597460878919048
37.1 -0.010496787111644507
37.2 -0.024444465385265714
37.3 -0.036489656737414465
37.4 -0.04601371486799677
37.5 -0.05256538127722698
37.6 -0.055880148802638495
37.7 -0.055888191013661215
37.8 -0.05271085939217096
37.9 -0.04664640478156439
38.0 -0.03814616954726403
38.1 -0.027782991080235117
38.2 -0.016213931345121942
38.3 -0.004139684720341524
38.4 0.007736890462264077
38.5 0.018750721729048087
38.6 0.028310743778851705
38.7 0.03593048488095343
38.8 0.04125151130491397
38.9 0.044058691118077274
39.0 0.04428674639573012
39.1 0.04201807926700971
39.2 0.037472352459420516
39.3 0.030988751816096623
39.4 0.02300223332013144
39.5 0.014015342272011922
39.6 0.004567375168103329
39.7 -0.0047972703719990715
39.8 -0.013559745058662186
39.9 -0.021254717928872107
40.0 -0.027494210679296426
40.1 -0.03198613509257959
40.2 -0.03454671969761151
40.3 -0.03510638963171754
40.4 -0.03370904924992867
40.5 -0.030505088266970383
40.6 -0.025738768867783278
40.7 -0.019730935924517606
40.8 -0.012858211597925735
40.9 -0.005529979901390198
41.0 0.001835468356102516
41.1 0.008834274385863039
41.2 0.015098567546540445
41.3 0.02031512808782733
41.4 0.024240256073367883
41.5 0.02671019648725844
41.6 0.027646745281636416
41.7 0.027057943729715577
41.8 0.025034042822211743
41.9 0.02173917075387152
42.0 0.017399351984040756
42.1 0.012287695753630234
42.2 0.006707688207531594
42.3 0.0009755816263221421
42.4 -0.004597123713663349
42.5 -0.009720162083219998
42.6 -0.0141391077411149
42.7 -0.017647404080702984
42.8 -0.02009529055402348
42.9 -0.02139529457642771
43.0 -0.02152415702407607
43.1 -0.02052125819904384
43.2 -0.018483795616128396
43.3 -0.015559126359129575
43.4 -0.011934817533717192
43.5 -0.007827043069481265
43.6 -0.003468020627721892
43.7 0.0009068021982933728
43.8 0.005071126469853871
43.9 0.008819117915905051
44.0 0.011975121746853503
44.1 0.014401350093645114
44.2 0.01600324470185062
44.3 0.016732354861251672
44.4 0.016586708644233807
44.5 0.01560878698765288
44.6 0.01388132841286489
44.7 0.011521291777319352
44.8 0.00867238126351559
44.9 0.00549658918451877
45.0 0.002165236986747267
45.1 -0.0011500065914567747
45.2 -0.004285677180706917
45.3 -0.0070942307891587635
45.4 -0.009450584021789837
45.5 -0.011257216977420745
45.6 -0.012447664264260097
45.7 -0.012988309919003722
45.8 -0.012878490903025251
45.9 -0.012148996871154642
46.0 -0.010859127270420618
46.1 -0.009092527505106902
46.2 -0.006952071747657311
46.3 -0.004554089745173119
46.4 -0.002022248338659869
46.5 0.0005186041006654598
46.6 0.002948339228687166
46.7 0.005156935001812735
46.8 0.00704912551574564
46.9 0.008548141004630305
47.0 0.009598417115019683
47.1 0.010167207024045357
47.2 0.010245083672918287
47.3 0.00984536991574727
47.4 0.009002579683458243
47.5 0.007769991705922674
47.6 0.006216507759892057
47.7 0.00442296912724359
47.8 0.002478117725248654
47.9 0.0004743923942391501
48.0 -0.001496253352130501
48.1 -0.0033463373464128303
48.2 -0.0049964816132734196
48.3 -0.006378557988631561
48.4 -0.007438239115842367
48.5 -0.00813687653286396
48.6 -0.008452657855484757
48.7 -0.00838102534741425
48.8 -0.00793436738095523
48.9 -0.007141021505235403
49.0 -0.006043652277781855
49.1 -0.0046970880599844275
49.2 -0.003165718158922481
49.3 -0.0015205646910149944
49.4 0.00016384784737121346
49.5 0.001812698165485141
49.6 0.0033540220546069708
49.7 0.004721692250080359
49.8 0.005858110594625748
49.9 0.006716511183509594
50.0 0.007262788879192408
50.1 0.007476786146739905
50.2 0.007352992015577311
50.3 0.006900629476350638
50.4 0.006143131063273958
50.5 0.005117025985385061
50.6 0.0038702851471340287
50.7 0.002460191913396127
50.8 0.0009508257075490401
50.9 -0.0005897382967486872
51.0 -0.002092397728116856
51.1 -0.003490036123871631
51.2 -0.004720453706118959
51.3 -0.005729090874396406
51.4 -0.006471426609876873
51.5 -0.006914946227535834
51.6 -0.007040589897561741
51.7 -0.006843614511883082
51.8 -0.006333826010415298
51.9 -0.0055351662322788535
52.0 -0.004484666596497657
52.1 -0.0032308092163556125
52.2 -0.001831363132374227
52.3 -0.000350787940664513
52.4 0.0011426820027992677
52.5 0.0025801434712894485
52.6 0.003895180497091003
52.7 0.005026926628291419
52.8 0.00592289155016401
52.9 0.006541419314346331
53.0 0.006853660800146801
53.1 0.00684496419302239
53.2 0.006515613313196084
53.3 0.005880873409824586
53.4 0.004970336191498097
53.5 0.003826588884383651
53.6 0.002503264413430136
53.7 0.001062559812479891
53.8 -0.0004276638082076159
53.9 -0.0018970653069140273
54.0 -0.003276142260403055
54.1 -0.004499527270627007
54.2 -0.005509104352633627
54.3 -0.00625679522483229
54.4 -0.0067068799780165955
54.5 -0.006837737978451981
54.6 -0.006642921986751799
54.7 -0.006131510074657709
54.8 -0.005327714486471681
54.9 -0.0042697624477682885
55.0 -0.0030080993174967804
55.1 -0.0016029976639707598
55.2 -0.0001216851681104988
55.3 0.0013648717546807761
55.4 0.0027853742892160476
55.5 0.00407162321044674
55.6 0.0051618102449639105
55.7 0.0060035086759479385
55.8 0.006556217096236388
55.9 0.006793331471040083
56.0 0.0067034481372281055
56.1 0.006290932711322396
56.2 0.005575725526868997
56.3 0.004592391426854211
56.4 0.0033884586682790454
56.5 0.00202212653134493
56.6 0.0005594522412788022
56.7 -0.0009288465323136728
56.8 -0.0023708183123131903
56.9 -0.0036967668658138553
57.0 -0.004842632677374302
57.1 -0.005753101915175054
57.2 -0.006384291124359628
57.3 -0.00670587650374823
57.4 -0.00670256369439104
57.5 -0.00637482620341782
57.6 -0.005738876322986899
57.7 -0.004825869925127451
57.8 -0.003680383974327626
57.9 -0.0023582411590806133
58.0 -0.0009237879538355085
58.1 0.0005532408831066211
58.2 0.0020011182014206008
58.3 0.0033496149098229525
58.4 0.0045334146289143186
58.5 0.005495286006918707
58.6 0.0061888581293616995
58.7 0.006580863980238554
58.8 0.006652743030246337
58.9 0.006401525449449454
59.0 0.005839955621105098
59.1 0.0049958498418479595
59.2 0.003910720505671272
59.3 0.002637734852656748
59.4 0.0012391087686386818
59.5 -0.0002169364322390767
59.6 -0.0016595051590256725
59.7 -0.00301848371478829
59.8 -0.004227952724006048
59.9 -0.005229389461673374
60.0 -0.005974504260700221
60.1 -0.0064275732995489575
60.2 -0.006567154891296163
60.3 -0.006387106682578437
60.4 -0.005896855435787803
60.5 -0.0051209076281255525
60.6 -0.00409762616608785
60.7 -0.0028773342718270505
60.8 -0.0015198403046444906
60.9 -9.150534543172517e-05
61.0 0.0013380025669205685
61.1 0.002699108664783395
61.2 0.003925720056329822
61.3 0.004958437527339407
61.4 0.005747434333111276
61.5 0.006254862347248429
61.6 0.006456669285221515
61.7 0.006343739694403664
61.8 0.005922305571719622
61.9 0.005213608207171554
62.0 0.004252829406076884
62.1 0.0030873458293150906
62.2 0.0017743930748172984
62.3 0.0003782547065516469
62.4 -0.0010328856652061565
62.5 -0.0023902750402467914
62.6 -0.0036279416602042684
62.7 -0.004685902263356976
62.8 -0.005513069986539872
62.9 -0.006069721903184387
63.0 -0.006329406991226303
63.1 -0.006280202888681449
63.2 -0.005925261759401885
63.3 -0.00528262038680563
63.4 -0.0043842855353784255
63.5 -0.0032746409137271383
63.6 -0.0020082550197996376
63.7 -0.0006471981481356771
63.8 0.0007419995127219247
63.9 0.0020915996061732895
64.0 0.003335958221097185
64.1 0.004414718377875291
64.2 0.005275737143019318
64.3 0.005877605448232802
64.4 0.006191638888678716
64.5 0.006203243851095253
64.6 0.00591259398890479
64.7 0.0053345858129587465
64.8 0.004498077350716551
64.9 0.003444448726683175
65.0 0.002225556434230386
65.1 0.0009011824066737354
65.2 -0.0004638966647563448
65.3 -0.0018030761475268681
65.4 -0.0030511716660692736
65.5 -0.004147590353702388
65.6 -0.005039270968068521
65.7 -0.005683250308992374
65.8 -0.00604873191252825
65.9 -0.006118557516102884
66.0 -0.0058900110893154965
66.1 -0.0053749178663213834
66.2 -0.004599035203657276
66.3 -0.003600766545967498
66.4 -0.0024292626367672142
66.5 -0.001142003769508987
66.6 0.00019801809741020946
66.7 0.0015253793440487102
66.8 0.002775416352306731
66.9 0.0038873732715849507
67.0 0.004807352802273258
67.1 0.005490926821219281
67.2 0.005905280519563069
67.3 0.0060307866741934986
67.4 0.0058619346020129985
67.5 0.005407569884696137
67.6 0.004690434561768352
67.7 0.003746031535354416
67.8 0.0026208697565794515
67.9 0.0013701767792967947
68.0 5.51910189364147e-05
68.1 -0.0012598337006716176
68.2 -0.0025107649655282485
68.3 -0.0036367169826412235
68.4 -0.0045830120363164134
68.5 -0.005303834263769661
68.6 -0.005764447033538002
68.7 -0.005942866657221667
68.8 -0.005830911798807768
68.9 -0.0054345784642045045
69.0 -0.004773723367788058
69.1 -0.003881072178900954
69.2 -0.0028006020088096944
69.3 -0.0015853779102337733
69.4 -0.000294949649917024
69.5 0.0010075637048868773
69.6 0.0022585588031545784
69.7 0.0033970519695445877
69.8 0.004367650719045987
69.9 0.005123248091162007
70.0 0.005627308767412636
70.1 0.00585563600860992
70.2 0.005797533909911104
70.3 0.005456309075534983
70.4 0.004849088113759609
70.5 0.004005960768304642
70.6 0.0029684914029228845
70.7 0.0017876723368096892
70.8 0.0005214196884058086
70.9 -0.0007682653984452947
71.0 -0.002018331079859898
71.1 -0.003167756240106874
71.2 -0.004160528453146994
71.3 -0.004948373145736584
71.4 -0.005493100963547375
71.5 -0.005768459160528128
71.6 -0.005761397209673901
71.7 -0.005472685572444276
71.8 -0.004916858254472714
71.9 -0.004121482863502037
72.0 -0.0031257947517469935
72.1 -0.0019787628614673
72.2 -0.0007366825832021375
72.3 0.0005395860697369698
72.4 0.0017875994886099372
72.5 0.0029463846868429677
72.6 0.00395941732164621
72.7 0.004777378069114449
72.8 0.005360552945171623
72.9 0.0056807607644244135
73.0 0.0057227142143288
73.1 0.005484748845381876
73.2 0.00497888527095721
73.3 0.0042302225119589055
73.4 0.0032756931124550267
73.5 0.002162241794234673
73.6 0.0009445174907698151
73.7 -0.00031780776264167055
73.8 -0.0015629615531237105
73.9 -0.0027300923026066224
74.0 -0.0037622412559739703
74.1 -0.00460912016816301
74.2 -0.005229559328696444
74.3 -0.005593506869234052
74.4 -0.0056834823904282706
74.5 -0.00549541472940104
74.6 -0.005038823852844558
74.7 -0.0043363389253134165
74.8 -0.0034225770004643907
74.9 -0.002342437934718573
75.0 -0.0011488995121094433
75.1 9.957898217287184e-05
75.2 0.0013419175674918703
75.3 0.0025174008725791126
75.4 0.0035686421854499452
75.5 0.004444381728417597
75.6 0.005101982907974543
75.7 0.005509505180565841
75.8 0.0056472529530356775
75.9 0.005508725581041551
76.0 0.005100922785943581
76.1 0.0044439912531824355
76.2 0.003570230272075616
76.3 0.002522505467839388
76.4 0.0013521484477102776
76.5 0.0001164451396945629
76.6 -0.0011241644628011147
76.7 -0.0023090384871154355
76.8 -0.0033802933408265735
76.9 -0.004285627597448258
77.0 -0.004980872084074588
77.1 -0.005432142051060774
77.2 -0.005617486734725371
77.3 -0.005527956135183113
77.4 -0.005168033230786031
77.5 -0.004555410758342538
77.6 -0.0037201236033238662
77.7 -0.002703079217011471
77.8 -0.0015540577848454406
77.9 -0.00032927968888248505
78.0 0.0009113411171151957
78.1 0.002107123893473311
78.2 0.003199585340075497
78.3 0.004135296688581597
78.4 0.004868494273117123
78.5 0.005363316164028568
78.6 0.005595555632471569
78.7 0.005553845727069986
78.8 0.005240216947777542
78.9 0.0046700005516011256
79.0 0.003871081935311805
79.1 0.002882540258765347
79.2 0.0017527404536400416
79.3 0.000536970542885185
79.4 -0.0007052605332579643
79.5 -0.0019131327199376148
79.6 -0.0030274901674612743
79.7 -0.003993736640108574
79.8 -0.004764509371058459
79.9 -0.0053020004319205
80.0 -0.0055798118091701845
