0.0 0.0
7.494811449999999 0.0
14.989622899999999 0.0
22.484434349999997 0.0
29.979245799999998 0.0
37.474057249999994 0.0
44.968868699999994 0.0
52.463680149999995 0.0
59.958491599999995 0.0
67.45330304999999 0.0
74.94811449999999 0.0
82.44292594999999 0.0
89.93773739999999 0.0
97.43254884999999 0.0
104.92736029999999 0.0
112.42217174999999 0.0
119.91698319999999 0.0
127.41179464999999 0.0
134.90660609999998 0.0
142.40141755 0.0
149.89622899999998 0.0
157.39104045 0.0
164.88585189999998 0.0
172.38066335 0.0
179.87547479999998 0.0
187.37028625 0.0
194.86509769999998 0.0
202.35990915 0.0
209.85472059999998 0.0
217.34953205 0.0
224.84434349999998 0.0
232.33915495 0.0
239.83396639999998 0.0
247.32877784999997 0.0
254.82358929999998 0.0
262.31840074999997 0.0
269.81321219999995 0.0
277.30802365 0.0
284.8028351 0.0
292.29764654999997 0.0
299.79245799999995 0.0
307.28726945 0.0
314.7820809 0.0
322.27689234999997 0.0
329.77170379999995 0.0
337.26651525 0.0
344.7613267 0.0
352.25613814999997 0.0
359.75094959999996 0.0
367.24576104999994 0.0
374.7405725 -1079.2449269472156
382.23538394999997 523.8153664171033
389.73019539999996 -464.4957176417815
397.22500684999994 967.0694290977852
404.7198183 -269.860957120661
412.21462975 -1436.9841276991501
419.70944119999996 1851.561442445029
427.20425264999994 -753.1478517423968
434.6990641 321.9087984708709
442.19387555 489.71906483180067
449.68868699999996 -249.2044133562674
457.18349844999995 -1410.3263615509743
464.6783099 1300.7826124631572
472.17312135 4080.902057469619
479.66793279999996 -15715.875408068974
487.16274424999995 24306.417100974224
494.65755569999993 -5561.608750362686
502.15236715 -24377.278980508512
509.64717859999996 31784.940026063407
517.14199005 -17435.523402080573
524.6368014999999 3824.5583819908607
532.13161295 1028.3086956137272
539.6264243999999 -1767.4578037686
547.12123585 911.6487357944247
554.6160473 -185.6939176719552
562.1108587499999 -639.0401506263524
569.6056702 908.074878274003
577.10048165 -1552.9660991561414
584.5952930999999 759.2919576177518
592.09010455 32.446966797359906
599.5849159999999 0.0
607.07972745 0.0
614.5745389 0.0
622.0693503499999 0.0
629.5641618 0.0
637.0589732499999 0.0
644.5537846999999 0.0
652.04859615 0.0
659.5434075999999 0.0
667.03821905 0.0
674.5330305 0.0
682.0278419499999 0.0
689.5226534 0.0
697.0174648499999 0.0
704.5122762999999 0.0
712.00708775 0.0
719.5018991999999 0.0
726.99671065 0.0
734.4915220999999 0.0
741.9863335499999 0.0
749.481145 0.0
756.9759564499999 0.0
764.4707678999999 0.0
771.96557935 0.0
779.4603907999999 0.0
786.95520225 0.0
794.4500136999999 0.0
801.9448251499999 0.0
809.4396366 0.0
816.9344480499999 0.0
824.4292595 0.0
831.92407095 0.0
839.4188823999999 0.0
846.91369385 0.0
854.4085052999999 0.0
861.9033167499999 0.0
869.3981282 0.0
876.8929396499999 0.0
884.3877511 0.0
891.8825625499999 0.0
899.3773739999999 0.0
906.87218545 0.0
914.3669968999999 0.0
921.8618083499999 0.0
929.3566198 0.0
936.8514312499999 0.0
944.3462427 0.0
951.8410541499999 0.0
959.3358655999999 0.0
966.83067705 0.0
974.3254884999999 0.0
981.8202999499999 0.0
989.3151113999999 0.0
996.8099228499999 0.0
1004.3047343 0.0
1011.7995457499999 0.0
1019.2943571999999 0.0
1026.78916865 0.0
1034.2839801 0.0
1041.7787915499998 0.0
1049.2736029999999 0.0
1056.76841445 0.0
1064.2632259 0.0
1071.75803735 0.0
1079.2528487999998 0.0
1086.7476602499999 0.0
1094.2424717 0.0
1101.73728315 0.0
1109.2320946 0.0
1116.7269060499998 0.0
1124.2217174999998 0.0
1131.7165289499999 0.0
1139.2113404 0.0
1146.70615185 0.0
1154.2009633 0.0
1161.6957747499998 0.0
1169.1905861999999 0.0
1176.68539765 0.0
1184.1802091 0.0
1191.67502055 0.0
1199.1698319999998 0.0
1206.6646434499999 0.0
1214.1594549 0.0
1221.65426635 0.0
1229.1490778 0.0
1236.6438892499998 0.0
1244.1387006999998 0.0
1251.63351215 0.0
1259.1283236 0.0
1266.62313505 0.0
1274.1179464999998 0.0
1281.6127579499998 0.0
1289.1075693999999 0.0
1296.60238085 0.0
1304.0971923 0.0
1311.59200375 0.0
1319.0868151999998 0.0
1326.5816266499999 0.0
1334.0764381 0.0
1341.57124955 0.0
1349.066061 0.0
1356.5608724499998 0.0
1364.0556838999998 0.0
1371.55049535 0.0
1379.0453068 0.0
1386.54011825 0.0
1394.0349296999998 0.0
1401.5297411499998 0.0
1409.0245525999999 0.0
1416.51936405 0.0
1424.0141755 0.0
1431.5089869499998 0.0
1439.0037983999998 0.0
1446.4986098499999 0.0
1453.9934213 0.0
1461.48823275 0.0
1468.9830441999998 0.0
1476.4778556499998 0.0
1483.9726670999999 0.0
1491.46747855 0.0
1498.96229 0.0
1506.45710145 0.0
1513.9519128999998 0.0
1521.4467243499998 0.0
1528.9415357999999 0.0
1536.43634725 0.0
1543.9311587 0.0
1551.4259701499998 0.0
1558.9207815999998 0.0
1566.4155930499999 0.0
1573.9104045 0.0
1581.40521595 0.0
1588.9000273999998 0.0
1596.3948388499998 0.0
1603.8896502999999 0.0
1611.38446175 0.0
1618.8792732 0.0
1626.3740846499998 0.0
1633.8688960999998 0.0
1641.3637075499998 0.0
1648.858519 0.0
1656.35333045 0.0
1663.8481419 0.0
1671.3429533499998 0.0
1678.8377647999998 0.0
1686.3325762499999 0.0
1693.8273877 0.0
1701.32219915 0.0
1708.8170105999998 0.0
1716.3118220499998 0.0
1723.8066334999999 0.0
1731.30144495 0.0
1738.7962564 0.0
1746.2910678499998 0.0
1753.7858792999998 0.0
1761.2806907499998 0.0
1768.7755022 0.0
1776.27031365 0.0
1783.7651250999998 0.0
1791.2599365499998 0.0
1798.7547479999998 0.0
1806.2495594499999 0.0
1813.7443709 0.0
1821.2391823499997 0.0
1828.7339937999998 0.0
1836.2288052499998 0.0
1843.7236166999999 0.0
1851.21842815 0.0
1858.7132396 0.0
1866.2080510499998 0.0
1873.7028624999998 0.0
1881.1976739499999 0.0
1888.6924854 0.0
1896.18729685 0.0
1903.6821082999998 0.0
1911.1769197499998 0.0
1918.6717311999998 0.0
1926.1665426499999 0.0
1933.6613541 0.0
1941.1561655499997 0.0
1948.6509769999998 0.0
1956.1457884499998 0.0
1963.6405998999999 0.0
1971.13541135 0.0
1978.6302227999997 0.0
1986.1250342499998 0.0
1993.6198456999998 0.0
2001.1146571499999 0.0
2008.6094686 0.0
2016.10428005 0.0
2023.5990914999998 0.0
2031.0939029499998 0.0
2038.5887143999998 0.0
2046.08352585 0.0
2053.5783373 0.0
2061.0731487499997 0.0
2068.5679602 0.0
2076.06277165 0.0
2083.5575830999996 0.0
2091.05239455 0.0
2098.5472059999997 0.0
2106.04201745 0.0
2113.5368289 0.0
2121.0316403499996 0.0
2128.5264518 0.0
2136.0212632499997 0.0
2143.5160747 0.0
2151.01088615 0.0
2158.5056975999996 0.0
2166.00050905 0.0
2173.4953204999997 0.0
2180.99013195 0.0
2188.4849434 0.0
2195.9797548499996 0.0
2203.4745663 0.0
2210.9693777499997 0.0
2218.4641892 0.0
2225.95900065 0.0
2233.4538120999996 0.0
2240.94862355 0.0
2248.4434349999997 0.0
2255.93824645 0.0
2263.4330578999998 0.0
2270.92786935 0.0
2278.4226808 0.0
2285.9174922499997 0.0
2293.4123037 0.0
2300.9071151499998 0.0
2308.4019266 0.0
2315.89673805 0.0
2323.3915494999997 0.0
2330.88636095 0.0
2338.3811723999997 0.0
2345.87598385 0.0
2353.3707953 0.0
2360.8656067499996 0.0
2368.3604182 0.0
2375.8552296499997 0.0
2383.3500411 0.0
2390.84485255 0.0
2398.3396639999996 0.0
2405.83447545 0.0
2413.3292868999997 0.0
2420.82409835 0.0
2428.3189098 0.0
2435.8137212499996 0.0
2443.3085327 0.0
2450.8033441499997 0.0
2458.2981556 0.0
2465.79296705 0.0
2473.2877784999996 0.0
2480.78258995 0.0
2488.2774013999997 0.0
2495.77221285 0.0
2503.2670243 0.0
2510.7618357499996 0.0
2518.2566472 0.0
2525.7514586499997 0.0
2533.2462701 0.0
2540.7410815499998 0.0
2548.2358929999996 0.0
2555.73070445 0.0
2563.2255158999997 0.0
2570.72032735 0.0
2578.2151387999997 0.0
2585.7099502499996 0.0
2593.2047617 0.0
2600.6995731499997 0.0
2608.1943846 0.0
2615.6891960499997 0.0
2623.1840075 0.0
2630.67881895 0.0
2638.1736303999996 0.0
2645.66844185 0.0
2653.1632532999997 0.0
2660.65806475 0.0
2668.1528762 0.0
2675.6476876499996 0.0
2683.1424991 0.0
2690.6373105499997 0.0
2698.132122 0.0
2705.62693345 0.0
2713.1217448999996 0.0
2720.61655635 0.0
2728.1113677999997 0.0
2735.60617925 0.0
2743.1009907 0.0
2750.5958021499996 0.0
2758.0906136 0.0
2765.5854250499997 0.0
2773.0802365 0.0
2780.5750479499998 0.0
2788.0698593999996 0.0
2795.56467085 0.0
2803.0594822999997 0.0
2810.55429375 0.0
2818.0491051999998 0.0
2825.5439166499996 0.0
2833.0387281 0.0
2840.5335395499997 0.0
2848.028351 0.0
2855.5231624499997 0.0
2863.0179738999996 0.0
2870.51278535 0.0
2878.0075967999996 0.0
2885.50240825 0.0
2892.9972196999997 0.0
2900.4920311499995 0.0
2907.9868426 0.0
2915.4816540499996 0.0
2922.9764655 0.0
2930.4712769499997 0.0
2937.9660883999995 0.0
2945.46089985 0.0
2952.9557112999996 0.0
2960.45052275 0.0
2967.9453341999997 0.0
2975.44014565 0.0
2982.9349571 0.0
2990.4297685499996 0.0
2997.92458 0.0
3005.4193914499997 0.0
3012.9142029 0.0
3020.40901435 0.0
3027.9038257999996 0.0
3035.39863725 0.0
3042.8934486999997 0.0
3050.38826015 0.0
3057.8830715999998 0.0
3065.3778830499996 0.0
3072.8726945 0.0
3080.3675059499997 0.0
3087.8623174 0.0
3095.3571288499998 0.0
3102.8519402999996 0.0
3110.34675175 0.0
3117.8415631999997 0.0
3125.33637465 0.0
3132.8311860999997 0.0
3140.3259975499996 0.0
3147.820809 0.0
3155.3156204499996 0.0
3162.8104319 0.0
3170.3052433499997 0.0
3177.8000547999995 0.0
3185.29486625 0.0
3192.7896776999996 0.0
3200.28448915 0.0
3207.7793005999997 0.0
3215.2741120499995 0.0
3222.7689235 0.0
3230.2637349499996 0.0
3237.7585464 0.0
3245.2533578499997 0.0
3252.7481692999995 0.0
3260.24298075 0.0
3267.7377921999996 0.0
3275.23260365 0.0
3282.7274150999997 0.0
3290.2222265499995 0.0
3297.717038 0.0
3305.2118494499996 0.0
3312.7066609 0.0
3320.2014723499997 0.0
3327.6962838 0.0
3335.1910952499998 0.0
3342.6859066999996 0.0
3350.18071815 0.0
3357.6755295999997 0.0
3365.17034105 0.0
3372.6651524999997 0.0
3380.1599639499996 0.0
3387.6547754 0.0
3395.1495868499997 0.0
3402.6443983 0.0
3410.1392097499997 0.0
3417.6340211999996 0.0
3425.12883265 0.0
3432.6236440999996 0.0
3440.11845555 0.0
3447.6132669999997 0.0
3455.1080784499995 0.0
3462.6028899 0.0
3470.0977013499996 0.0
3477.5925128 0.0
3485.0873242499997 0.0
3492.5821356999995 0.0
3500.07694715 0.0
3507.5717585999996 0.0
3515.06657005 0.0
3522.5613814999997 0.0
3530.0561929499995 0.0
3537.5510044 0.0
3545.0458158499996 0.0
3552.5406273 0.0
3560.0354387499997 0.0
3567.5302501999995 0.0
3575.0250616499998 0.0
3582.5198730999996 0.0
3590.01468455 0.0
3597.5094959999997 0.0
3605.0043074499995 0.0
3612.4991188999998 0.0
3619.9939303499996 0.0
3627.4887418 0.0
3634.9835532499997 0.0
3642.4783646999995 0.0
3649.9731761499997 0.0
3657.4679875999996 0.0
3664.96279905 0.0
3672.4576104999996 0.0
3679.95242195 0.0
3687.4472333999997 0.0
3694.9420448499995 0.0
3702.4368563 0.0
3709.9316677499996 0.0
3717.4264792 0.0
3724.9212906499997 0.0
3732.4161020999995 0.0
3739.91091355 0.0
3747.4057249999996 0.0
3754.90053645 0.0
3762.3953478999997 0.0
3769.8901593499995 0.0
3777.3849708 0.0
3784.8797822499996 0.0
3792.3745937 0.0
3799.8694051499997 0.0
3807.3642165999995 0.0
3814.85902805 0.0
3822.3538394999996 0.0
3829.84865095 0.0
3837.3434623999997 0.0
3844.8382738499995 0.0
3852.3330852999998 0.0
3859.8278967499996 0.0
3867.3227082 0.0
3874.8175196499997 0.0
3882.3123310999995 0.0
3889.8071425499998 0.0
3897.3019539999996 0.0
3904.79676545 0.0
3912.2915768999997 0.0
3919.7863883499995 0.0
3927.2811997999997 0.0
3934.7760112499996 0.0
3942.2708227 0.0
3949.7656341499996 0.0
3957.2604455999995 0.0
3964.7552570499997 0.0
3972.2500684999995 0.0
3979.74487995 0.0
3987.2396913999996 0.0
3994.7345028499994 0.0
4002.2293142999997 0.0
4009.7241257499995 0.0
4017.2189372 0.0
4024.7137486499996 0.0
4032.2085601 0.0
4039.7033715499997 0.0
4047.1981829999995 0.0
4054.69299445 0.0
4062.1878058999996 0.0
4069.68261735 0.0
4077.1774287999997 0.0
4084.6722402499995 0.0
4092.1670517 0.0
4099.66186315 0.0
4107.1566746 0.0
4114.651486049999 0.0
4122.1462974999995 0.0
4129.64110895 0.0
4137.1359204 0.0
4144.630731849999 0.0
4152.1255433 0.0
4159.62035475 0.0
4167.115166199999 0.0
4174.60997765 0.0
4182.1047891 0.0
4189.59960055 0.0
4197.0944119999995 0.0
4204.58922345 0.0
4212.0840349 0.0
4219.578846349999 0.0
4227.0736578 0.0
4234.56846925 0.0
4242.063280699999 0.0
4249.5580921499995 0.0
4257.0529036 0.0
4264.54771505 0.0
4272.042526499999 0.0
4279.53733795 0.0
4287.0321494 0.0
4294.526960849999 0.0
4302.0217723 0.0
4309.51658375 0.0
4317.011395199999 0.0
4324.5062066499995 0.0
4332.0010181 0.0
4339.49582955 0.0
4346.990640999999 0.0
4354.48545245 0.0
4361.9802639 0.0
4369.475075349999 0.0
4376.9698868 0.0
4384.46469825 0.0
4391.959509699999 0.0
4399.4543211499995 0.0
4406.9491326 0.0
4414.44394405 0.0
4421.938755499999 0.0
4429.43356695 0.0
4436.9283784 0.0
4444.423189849999 0.0
4451.9180013 0.0
4459.41281275 0.0
4466.907624199999 0.0
4474.4024356499995 0.0
4481.8972471 0.0
4489.39205855 0.0
4496.886869999999 0.0
4504.38168145 0.0
4511.8764929 0.0
4519.371304349999 0.0
4526.8661157999995 0.0
4534.36092725 0.0
4541.8557387 0.0
4549.350550149999 0.0
4556.8453616 0.0
4564.34017305 0.0
4571.834984499999 0.0
4579.32979595 0.0
4586.8246074 0.0
4594.319418849999 0.0
4601.8142302999995 0.0
4609.30904175 0.0
4616.8038532 0.0
4624.298664649999 0.0
4631.7934761 0.0
4639.28828755 0.0
4646.783098999999 0.0
4654.27791045 0.0
4661.7727219 0.0
4669.267533349999 0.0
4676.7623447999995 0.0
4684.25715625 0.0
4691.7519677 0.0
4699.246779149999 0.0
4706.7415906 0.0
4714.23640205 0.0
4721.731213499999 0.0
4729.22602495 0.0
4736.7208364 0.0
4744.215647849999 0.0
4751.7104592999995 0.0
4759.20527075 0.0
4766.7000822 0.0
4774.194893649999 0.0
4781.6897051 0.0
4789.18451655 0.0
4796.679327999999 0.0
4804.1741394499995 0.0
4811.6689509 0.0
4819.163762349999 0.0
4826.658573799999 0.0
4834.15338525 0.0
4841.6481967 0.0
4849.143008149999 0.0
4856.6378196 0.0
4864.13263105 0.0
4871.627442499999 0.0
4879.1222539499995 0.0
4886.6170654 0.0
4894.11187685 0.0
4901.606688299999 0.0
4909.10149975 0.0
4916.5963112 0.0
4924.091122649999 0.0
4931.5859341 0.0
4939.08074555 0.0
4946.575556999999 0.0
4954.0703684499995 0.0
4961.5651799 0.0
4969.05999135 0.0
4976.554802799999 0.0
4984.04961425 0.0
4991.5444257 0.0
4999.039237149999 0.0
5006.5340486 0.0
5014.02886005 0.0
5021.523671499999 0.0
5029.018482949999 0.0
5036.5132944 0.0
5044.00810585 0.0
5051.502917299999 0.0
5058.99772875 0.0
5066.4925402 0.0
5073.987351649999 0.0
5081.4821630999995 0.0
5088.97697455 0.0
5096.471785999999 0.0
5103.966597449999 0.0
5111.4614089 0.0
5118.95622035 0.0
5126.451031799999 0.0
5133.94584325 0.0
5141.4406547 0.0
5148.935466149999 0.0
5156.4302775999995 0.0
5163.92508905 0.0
5171.419900499999 0.0
5178.914711949999 0.0
5186.4095234 0.0
5193.90433485 0.0
5201.399146299999 0.0
5208.89395775 0.0
5216.3887692 0.0
5223.883580649999 0.0
5231.3783920999995 0.0
5238.87320355 0.0
5246.368015 0.0
5253.862826449999 0.0
5261.3576379 0.0
5268.85244935 0.0
5276.347260799999 0.0
5283.84207225 0.0
5291.3368837 0.0
5298.831695149999 0.0
5306.326506599999 0.0
5313.82131805 0.0
5321.3161295 0.0
5328.810940949999 0.0
5336.3057524 0.0
5343.80056385 0.0
5351.295375299999 0.0
5358.7901867499995 0.0
5366.2849982 0.0
5373.779809649999 0.0
5381.274621099999 0.0
5388.76943255 0.0
5396.264244 0.0
5403.759055449999 0.0
5411.2538669 0.0
5418.74867835 0.0
5426.243489799999 0.0
5433.7383012499995 0.0
5441.2331127 0.0
5448.727924149999 0.0
5456.222735599999 0.0
5463.71754705 0.0
5471.2123585 0.0
5478.707169949999 0.0
5486.2019814 0.0
5493.69679285 0.0
5501.191604299999 0.0
5508.6864157499995 0.0
5516.1812272 0.0
5523.676038649999 0.0
5531.170850099999 0.0
5538.66566155 0.0
5546.160473 0.0
5553.655284449999 0.0
5561.1500958999995 0.0
5568.64490735 0.0
5576.139718799999 0.0
5583.634530249999 0.0
5591.1293417 0.0
5598.62415315 0.0
5606.118964599999 0.0
5613.61377605 0.0
5621.1085875 0.0
5628.603398949999 0.0
5636.0982103999995 0.0
5643.59302185 0.0
5651.087833299999 0.0
5658.582644749999 0.0
5666.0774562 0.0
5673.57226765 0.0
5681.067079099999 0.0
5688.56189055 0.0
5696.056702 0.0
5703.551513449999 0.0
5711.0463248999995 0.0
5718.54113635 0.0
5726.035947799999 0.0
5733.530759249999 0.0
5741.0255707 0.0
5748.52038215 0.0
5756.015193599999 0.0
5763.51000505 0.0
5771.0048165 0.0
5778.499627949999 0.0
5785.9944393999995 0.0
5793.48925085 0.0
5800.984062299999 0.0
5808.478873749999 0.0
5815.9736852 0.0
5823.46849665 0.0
5830.963308099999 0.0
5838.4581195499995 0.0
5845.952931 0.0
5853.447742449999 0.0
5860.942553899999 0.0
5868.43736535 0.0
5875.932176799999 0.0
5883.426988249999 0.0
5890.9217997 0.0
5898.41661115 0.0
5905.911422599999 0.0
5913.4062340499995 0.0
5920.9010455 0.0
5928.395856949999 0.0
5935.890668399999 0.0
5943.38547985 0.0
5950.8802913 0.0
5958.375102749999 0.0
5965.8699142 0.0
5973.36472565 0.0
5980.859537099999 0.0
5988.3543485499995 0.0
5995.84916 0.0
6003.343971449999 0.0
6010.838782899999 0.0
6018.33359435 0.0
6025.8284058 0.0
6033.323217249999 0.0
6040.8180287 0.0
6048.31284015 0.0
6055.807651599999 0.0
6063.3024630499995 0.0
6070.7972745 0.0
6078.292085949999 0.0
6085.786897399999 0.0
6093.28170885 0.0
6100.7765203 0.0
6108.271331749999 0.0
6115.7661431999995 0.0
6123.26095465 0.0
6130.755766099999 0.0
6138.250577549999 0.0
6145.745389 0.0
6153.240200449999 0.0
6160.735011899999 0.0
6168.22982335 0.0
6175.7246348 0.0
6183.219446249999 0.0
6190.7142576999995 0.0
6198.20906915 0.0
6205.703880599999 0.0
6213.198692049999 0.0
6220.6935035 0.0
6228.188314949999 0.0
6235.683126399999 0.0
6243.17793785 0.0
6250.6727493 0.0
6258.167560749999 0.0
6265.6623721999995 0.0
6273.15718365 0.0
6280.651995099999 0.0
6288.146806549999 0.0
6295.641618 0.0
6303.13642945 0.0
6310.631240899999 0.0
6318.12605235 0.0
6325.6208638 0.0
6333.115675249999 0.0
6340.6104866999995 0.0
6348.10529815 0.0
6355.600109599999 0.0
6363.094921049999 0.0
6370.5897325 0.0
6378.08454395 0.0
6385.579355399999 0.0
6393.0741668499995 0.0
6400.5689783 0.0
6408.063789749999 0.0
6415.558601199999 0.0
6423.05341265 0.0
6430.548224099999 0.0
6438.043035549999 0.0
6445.537847 0.0
6453.03265845 0.0
6460.527469899999 0.0
6468.0222813499995 0.0
6475.5170928 0.0
6483.011904249999 0.0
6490.506715699999 0.0
6498.00152715 0.0
6505.496338599999 0.0
6512.991150049999 0.0
6520.4859615 0.0
6527.98077295 0.0
6535.475584399999 0.0
6542.9703958499995 0.0
6550.4652073 0.0
6557.960018749999 0.0
6565.454830199999 0.0
6572.94964165 0.0
6580.444453099999 0.0
6587.939264549999 0.0
6595.434076 0.0
6602.92888745 0.0
6610.423698899999 0.0
6617.918510349999 0.0
6625.4133218 0.0
6632.908133249999 0.0
6640.402944699999 0.0
6647.89775615 0.0
6655.3925676 0.0
6662.887379049999 0.0
6670.3821904999995 0.0
6677.87700195 0.0
6685.371813399999 0.0
6692.866624849999 0.0
6700.3614363 0.0
6707.856247749999 0.0
6715.351059199999 0.0
6722.84587065 0.0
6730.3406821 0.0
6737.835493549999 0.0
6745.3303049999995 0.0
6752.82511645 0.0
6760.319927899999 0.0
6767.814739349999 0.0
6775.3095508 0.0
6782.804362249999 0.0
6790.299173699999 0.0
6797.79398515 0.0
6805.2887966 0.0
6812.783608049999 0.0
6820.2784194999995 0.0
6827.77323095 0.0
6835.268042399999 0.0
6842.762853849999 0.0
6850.2576653 0.0
6857.752476749999 0.0
6865.247288199999 0.0
6872.74209965 0.0
6880.2369111 0.0
6887.731722549999 0.0
6895.226533999999 0.0
6902.72134545 0.0
6910.216156899999 0.0
6917.710968349999 0.0
6925.2057798 0.0
6932.700591249999 0.0
6940.195402699999 0.0
6947.6902141499995 0.0
6955.1850256 0.0
6962.679837049999 0.0
6970.174648499999 0.0
6977.66945995 0.0
6985.164271399999 0.0
6992.659082849999 0.0
7000.1538943 0.0
7007.64870575 0.0
7015.143517199999 0.0
7022.6383286499995 0.0
7030.1331401 0.0
7037.627951549999 0.0
7045.122762999999 0.0
7052.61757445 0.0
7060.112385899999 0.0
7067.607197349999 0.0
7075.1020088 0.0
7082.59682025 0.0
7090.091631699999 0.0
7097.5864431499995 0.0
7105.0812546 0.0
7112.576066049999 0.0
7120.070877499999 0.0
7127.56568895 0.0
7135.060500399999 0.0
7142.555311849999 0.0
7150.0501232999995 0.0
7157.54493475 0.0
7165.039746199999 0.0
7172.534557649999 0.0
7180.0293691 0.0
7187.524180549999 0.0
7195.018991999999 0.0
7202.51380345 0.0
7210.008614899999 0.0
7217.503426349999 0.0
7224.9982377999995 0.0
7232.49304925 0.0
7239.987860699999 0.0
7247.482672149999 0.0
7254.9774836 0.0
7262.472295049999 0.0
7269.967106499999 0.0
7277.46191795 0.0
7284.956729399999 0.0
7292.451540849999 0.0
7299.9463522999995 0.0
7307.44116375 0.0
7314.935975199999 0.0
7322.430786649999 0.0
7329.9255981 0.0
7337.420409549999 0.0
7344.915220999999 0.0
7352.41003245 0.0
7359.9048439 0.0
7367.399655349999 0.0
7374.8944667999995 0.0
7382.38927825 0.0
7389.884089699999 0.0
7397.378901149999 0.0
7404.8737126 0.0
7412.368524049999 0.0
7419.863335499999 0.0
7427.3581469499995 0.0
7434.8529584 0.0
7442.347769849999 0.0
7449.842581299999 0.0
7457.33739275 0.0
7464.832204199999 0.0
7472.327015649999 0.0
7479.8218271 0.0
7487.316638549999 0.0
7494.811449999999 0.0
7502.3062614499995 0.0
7509.8010729 0.0
7517.295884349999 0.0
7524.790695799999 0.0
7532.28550725 0.0
7539.780318699999 0.0
7547.275130149999 0.0
7554.7699416 0.0
7562.264753049999 0.0
7569.759564499999 0.0
7577.2543759499995 0.0
7584.7491874 0.0
7592.243998849999 0.0
7599.738810299999 0.0
7607.23362175 0.0
7614.728433199999 0.0
7622.223244649999 0.0
7629.7180561 0.0
7637.212867549999 0.0
7644.707678999999 0.0
7652.2024904499995 0.0
7659.6973019 0.0
7667.192113349999 0.0
7674.686924799999 0.0
7682.18173625 0.0
7689.676547699999 0.0
7697.171359149999 0.0
7704.6661705999995 0.0
7712.16098205 0.0
7719.655793499999 0.0
7727.150604949999 0.0
7734.6454164 0.0
7742.140227849999 0.0
7749.635039299999 0.0
7757.12985075 0.0
7764.624662199999 0.0
7772.119473649999 0.0
7779.6142850999995 0.0
7787.10909655 0.0
7794.603907999999 0.0
7802.098719449999 0.0
7809.5935309 0.0
7817.088342349999 0.0
7824.583153799999 0.0
7832.07796525 0.0
7839.572776699999 0.0
7847.067588149999 0.0
7854.5623995999995 0.0
7862.05721105 0.0
7869.552022499999 0.0
7877.046833949999 0.0
7884.5416454 0.0
7892.036456849999 0.0
7899.531268299999 0.0
7907.02607975 0.0
7914.520891199999 0.0
7922.015702649999 0.0
7929.510514099999 0.0
7937.00532555 0.0
7944.500136999999 0.0
7951.994948449999 0.0
7959.4897599 0.0
7966.984571349999 0.0
7974.479382799999 0.0
7981.9741942499995 0.0
7989.469005699999 0.0
7996.963817149999 0.0
8004.458628599999 0.0
8011.95344005 0.0
8019.448251499999 0.0
8026.943062949999 0.0
8034.4378744 0.0
8041.932685849999 0.0
8049.427497299999 0.0
8056.9223087499995 0.0
8064.4171202 0.0
8071.911931649999 0.0
8079.406743099999 0.0
8086.90155455 0.0
8094.396365999999 0.0
8101.891177449999 0.0
8109.3859889 0.0
8116.880800349999 0.0
8124.375611799999 0.0
8131.8704232499995 0.0
8139.3652347 0.0
8146.860046149999 0.0
8154.354857599999 0.0
8161.84966905 0.0
8169.344480499999 0.0
8176.839291949999 0.0
8184.3341034 0.0
8191.828914849999 0.0
8199.3237263 0.0
8206.81853775 0.0
8214.3133492 0.0
8221.80816065 0.0
8229.302972099998 0.0
8236.797783549999 0.0
8244.292594999999 0.0
8251.78740645 0.0
8259.2822179 0.0
8266.77702935 0.0
8274.2718408 0.0
8281.766652249999 0.0
8289.261463699999 0.0
8296.756275149999 0.0
8304.2510866 0.0
8311.74589805 0.0
8319.2407095 0.0
8326.73552095 0.0
8334.230332399999 0.0
8341.725143849999 0.0
8349.2199553 0.0
8356.71476675 0.0
8364.2095782 0.0
8371.70438965 0.0
8379.1992011 0.0
8386.694012549999 0.0
8394.188823999999 0.0
8401.68363545 0.0
8409.1784469 0.0
8416.67325835 0.0
8424.1680698 0.0
8431.662881249998 0.0
8439.157692699999 0.0
8446.652504149999 0.0
8454.1473156 0.0
8461.64212705 0.0
8469.1369385 0.0
8476.63174995 0.0
8484.126561399999 0.0
8491.621372849999 0.0
8499.116184299999 0.0
8506.61099575 0.0
8514.1058072 0.0
8521.60061865 0.0
8529.0954301 0.0
8536.590241549999 0.0
8544.085052999999 0.0
8551.57986445 0.0
8559.0746759 0.0
8566.56948735 0.0
8574.0642988 0.0
8581.559110249998 0.0
8589.053921699999 0.0
8596.548733149999 0.0
8604.0435446 0.0
8611.53835605 0.0
8619.0331675 0.0
8626.52797895 0.0
8634.022790399998 0.0
8641.517601849999 0.0
8649.012413299999 0.0
8656.50722475 0.0
8664.0020362 0.0
8671.49684765 0.0
8678.9916591 0.0
8686.486470549999 0.0
8693.981281999999 0.0
8701.47609345 0.0
8708.9709049 0.0
8716.46571635 0.0
8723.9605278 0.0
8731.45533925 0.0
8738.950150699999 0.0
8746.444962149999 0.0
8753.9397736 0.0
8761.43458505 0.0
8768.9293965 0.0
8776.42420795 0.0
8783.919019399998 0.0
8791.413830849999 0.0
8798.908642299999 0.0
8806.40345375 0.0
8813.8982652 0.0
8821.39307665 0.0
8828.8878881 0.0
8836.382699549999 0.0
8843.877510999999 0.0
8851.372322449999 0.0
8858.8671339 0.0
8866.36194535 0.0
8873.8567568 0.0
8881.35156825 0.0
8888.846379699999 0.0
8896.341191149999 0.0
8903.8360026 0.0
8911.33081405 0.0
8918.8256255 0.0
8926.32043695 0.0
8933.815248399998 0.0
8941.310059849999 0.0
8948.804871299999 0.0
8956.29968275 0.0
8963.7944942 0.0
8971.28930565 0.0
8978.7841171 0.0
8986.278928549998 0.0
8993.773739999999 0.0
9001.268551449999 0.0
9008.7633629 0.0
9016.25817435 0.0
9023.7529858 0.0
9031.24779725 0.0
9038.742608699999 0.0
9046.237420149999 0.0
9053.732231599999 0.0
9061.22704305 0.0
9068.7218545 0.0
9076.21666595 0.0
9083.7114774 0.0
9091.206288849999 0.0
9098.701100299999 0.0
9106.19591175 0.0
9113.6907232 0.0
9121.18553465 0.0
9128.6803461 0.0
9136.175157549998 0.0
9143.669968999999 -638.7901553794068
9151.164780449999 32.446966797359906
9158.6595919 759.2919576177518
9166.15440335 -1552.9660991561414
9173.6492148 908.074878274003
9181.14402625 -639.0401506263524
9188.638837699998 -185.6939176719552
9196.133649149999 911.6487357944247
9203.628460599999 -1767.4578037686
9211.12327205 1028.3086956137272
9218.6180835 3824.5583819908607
9226.11289495 -17435.523402080573
9233.6077064 31784.940026063407
9241.102517849999 -24377.278980508512
9248.597329299999 -5561.608750362686
9256.092140749999 24306.417100974224
9263.5869522 -15715.875408068974
9271.08176365 4080.902057469619
9278.5765751 1300.7826124631572
9286.071386549998 -1410.3263615509743
9293.566197999999 -249.2044133562674
9301.061009449999 489.71906483180067
9308.5558209 321.9087984708709
9316.05063235 -753.1478517423968
9323.5454438 1851.561442445029
9331.04025525 -1436.9841276991501
9338.535066699998 -269.860957120661
9346.029878149999 967.0694290977852
9353.524689599999 -464.4957176417815
9361.01950105 523.8153664171033
9368.5143125 0.0
9376.00912395 0.0
9383.5039354 0.0
9390.998746849998 0.0
9398.493558299999 0.0
9405.988369749999 0.0
9413.4831812 0.0
9420.97799265 0.0
9428.4728041 0.0
9435.96761555 0.0
9443.462426999999 0.0
9450.957238449999 0.0
9458.4520499 0.0
9465.94686135 0.0
9473.4416728 0.0
9480.93648425 0.0
9488.431295699998 0.0
9495.926107149999 0.0
9503.420918599999 0.0
9510.91573005 0.0
9518.4105415 0.0
9525.90535295 0.0
9533.4001644 0.0
9540.894975849998 0.0
9548.389787299999 0.0
9555.884598749999 0.0
9563.3794102 0.0
9570.87422165 0.0
9578.3690331 0.0
9585.86384455 0.0
9593.358655999999 0.0
9600.853467449999 0.0
9608.348278899999 0.0
9615.84309035 0.0
9623.3379018 0.0
9630.83271325 0.0
9638.327524699998 0.0
9645.822336149999 0.0
9653.317147599999 0.0
9660.81195905 0.0
9668.3067705 0.0
9675.80158195 0.0
9683.2963934 0.0
9690.791204849998 0.0
9698.286016299999 0.0
9705.780827749999 0.0
9713.2756392 0.0
9720.77045065 0.0
9728.2652621 0.0
9735.76007355 0.0
