0.0 0.007973790125194504
0.13342563807926083 0.00885840117254666
0.26685127615852167 0.009707504168584591
0.4002769142377825 0.010384871334097788
0.5337025523170433 0.010672917093409652
0.6671281903963042 0.010315651461023579
0.800553828475565 0.009074755771734222
0.9339794665548258 0.006789065571779421
1.0674051046340867 0.00342682553335198
1.2008307427133476 -0.0008791502247430333
1.3342563807926084 -0.005820916988986535
1.467682018871869 -0.010933321490597768
1.60110765695113 -0.01563993896562574
1.7345332950303909 -0.019322116037879748
1.8679589331096516 -0.021402345908552597
2.0013845711889124 -0.021430506315821836
2.1348102092681733 -0.0191603939776228
2.268235847347434 -0.014604697992146101
2.401661485426695 -0.008059018043246794
2.535087123505956 -8.944720836843972e-05
2.668512761585217 0.008516913478468294
2.8019383996644773 0.016834020635293653
2.935364037743738 0.02390236309766605
3.068789675822999 0.028845092583205553
3.20221531390226 0.030980100279986787
3.335640951981521 0.02991330376619137
3.4690665900607818 0.025600362431700552
3.6024922281400427 0.018367750131945453
3.735917866219303 0.00888911681711055
3.869343504298564 -0.0018814788935333135
4.002769142377825 -0.01281232681696895
4.136194780457086 -0.02272094348695169
4.269620418536347 -0.03050993404206693
4.403046056615607 -0.03529533399302287
4.536471694694868 -0.03651165785697471
4.669897332774129 -0.033980627910597375
4.80332297085339 -0.027934972019378494
4.936748608932651 -0.018994199719627312
5.070174247011912 -0.008095181757754854
5.203599885091172 0.00361408844890223
5.337025523170434 0.014904690881894844
5.470451161249694 0.024605226569367068
5.603876799328955 0.031731951647950236
5.737302437408216 0.03559524934538007
5.870728075487476 0.03587020475651767
6.004153713566738 0.03262363586298605
6.137579351645998 0.02629539247334981
6.2710049897252595 0.017637354703484504
6.40443062780452 0.007618627965529885
6.53785626588378 -0.002690688900473896
6.671281903963042 -0.012242556835572738
6.804707542042302 -0.020125929187503496
6.9381331801215635 -0.025660169324508725
7.071558818200824 -0.028456738075940936
7.204984456280085 -0.028443289904277715
7.338410094359346 -0.025849248695043178
7.471835732438606 -0.0211567891002262
7.6052613705178675 -0.01502530234940957
7.738687008597128 -0.008200362516543049
7.872112646676389 -0.0014195926322536183
8.00553828475565 0.004672462249609294
8.138963922834911 0.009590212232092976
8.272389560914172 0.013046534679300973
8.405815198993432 0.014962729831838469
8.539240837072693 0.015449891442783989
8.672666475151955 0.01476649528179533
8.806092113231214 0.013260001501607593
8.939517751310476 0.01130204563837526
9.072943389389737 0.00922715873243519
9.206369027468998 0.00728391032502808
9.339794665548258 0.005605103129857266
9.473220303627519 0.004200521057012156
9.60664594170678 0.0029722080028368176
9.74007157978604 0.0017488410661214173
9.873497217865301 0.00033293840097146644
10.006922855944563 -0.0014472043349115446
10.140348494023824 -0.003689580965343702
10.273774132103084 -0.006382614018426934
10.407199770182345 -0.009387593761061191
10.540625408261606 -0.012442898263709161
10.674051046340868 -0.015190218815833594
10.807476684420127 -0.017219708225888617
10.940902322499388 -0.018128076083513914
11.07432796057865 -0.017581577987715428
11.20775359865791 -0.01537487432947314
11.34117923673717 -0.011477006412589454
11.474604874816432 -0.006057223298225976
11.608030512895693 0.0005141009000258309
11.741456150974953 0.007691020563205021
11.874881789054214 0.01480213176282159
12.008307427133476 0.021120042450295046
12.141733065212735 0.025942317052044316
12.275158703291996 0.028674295517234785
12.408584341371258 0.028903659238102425
12.542009979450519 0.026457353779302358
12.675435617529779 0.02143339648122327
12.80886125560904 0.014202963446379864
12.942286893688301 0.0053816156637124316
13.07571253176756 -0.004227833977101336
13.209138169846822 -0.013714933944431709
13.342563807926084 -0.02215510346511417
13.475989446005345 -0.028706743395060613
13.609415084084604 -0.03270113920243203
13.742840722163866 -0.03371508468436306
13.876266360243127 -0.03161805363078565
14.009691998322387 -0.026588578298303522
14.143117636401648 -0.019097924393989035
14.27654327448091 -0.009862783221834094
14.40996891256017 0.00022788375254906296
14.54339455063943 0.010203899594303945
14.676820188718692 0.01911297607955744
14.810245826797953 0.026117228780276367
14.943671464877212 0.03057685967123213
15.077097102956474 0.03211227971022118
15.210522741035735 0.03063839250783605
15.343948379114996 0.026367853633690347
15.477374017194256 0.019783504747315238
15.610799655273517 0.011583479679901618
15.744225293352779 0.002605331215988426
15.87765093143204 -0.006262369290434497
16.0110765695113 -0.01417136456937113
16.14450220759056 -0.020398301137714115
16.277927845669822 -0.024413865925779606
16.41135348374908 -0.025929639374837825
16.544779121828345 -0.024918401469153226
16.678204759907604 -0.021606584865867376
16.811630397986864 -0.01644058634089592
16.945056036066127 -0.010031394823808971
17.078481674145387 -0.0030841799177293108
17.211907312224646 0.0036791136958892255
17.34533295030391 0.009595634529632805
17.47875858838317 0.014127881100022905
17.61218422646243 0.01691359756330028
17.74560986454169 0.017794580490088963
17.87903550262095 0.01682214657087721
18.012461140700214 0.014239657480231323
18.145886778779474 0.010445015261426027
18.279312416858733 0.005938152713055103
18.412738054937996 0.0012600235674872444
18.546163693017256 -0.003069702016685425
18.679589331096516 -0.006609167427572633
18.81301496917578 -0.009038950486681702
18.946440607255038 -0.010190245030926259
19.079866245334298 -0.01005414445122985
19.21329188341356 -0.008771855198811662
19.34671752149282 -0.006607898906904639
19.48014315957208 -0.0039102772060911895
19.613568797651343 -0.0010629567908240903
19.746994435730603 0.0015632657471690505
19.880420073809866 0.0036555050612353188
20.013845711889125 0.004993887584728671
20.147271349968385 0.0054731438929641095
20.280696988047648 0.005108632890577462
20.414122626126908 0.0040267425127229585
20.547548264206167 0.0024415622450450593
20.68097390228543 0.000621379388600441
20.81439954036469 -0.0011502855702620013
20.94782517844395 -0.0026138531347616473
21.081250816523212 -0.003567961985623656
21.214676454602472 -0.003894535035144608
21.348102092681735 -0.003571645526176345
21.481527730760995 -0.0026728721042615297
21.614953368840254 -0.0013536393197158254
21.748379006919517 0.0001732584648993884
21.881804644998777 0.0016693747483667927
22.015230283078036 0.0029051157217616207
22.1486559211573 0.0036923019552926985
22.28208155923656 0.003910409955242844
22.41550719731582 0.0035230421192671097
22.54893283539508 0.00258254012337111
22.68235847347434 0.0012222769857041906
22.8157841115536 -0.00036218101935000586
22.949209749632864 -0.0019403792816169985
23.082635387712124 -0.0032789868608389026
23.216061025791387 -0.004174174334335394
23.349486663870646 -0.004480018454212368
23.482912301949906 -0.004129170671599839
23.61633794002917 -0.003143090672487224
23.74976357810843 -0.001630548952803798
23.883189216187688 0.0002253472937070369
24.01661485426695 0.002189860299876242
24.15004049234621 0.004006079474969171
24.28346613042547 0.005427325923470892
24.416891768504733 0.006248383716791226
24.550317406583993 0.006331659870565488
24.683743044663252 0.005625089774389254
24.817168682742516 0.004169704101585188
24.950594320821775 0.0020961013084792282
25.084019958901038 -0.0003895535642969735
25.217445596980298 -0.0030281373737754843
25.350871235059557 -0.005535957513179357
25.48429687313882 -0.007635526581027086
25.61772251121808 -0.009085206168473586
25.75114814929734 -0.009704512508131424
25.884573787376603 -0.00939254983187637
26.017999425455862 -0.008137960704153171
26.15142506353512 -0.0060198179318454795
26.284850701614385 -0.0031998878507061585
26.418276339693644 9.245489000743044e-05
26.551701977772908 0.003580775802689606
26.685127615852167 0.006965392300639915
26.818553253931427 0.009948221397487458
26.95197889201069 0.012256650238681298
27.08540453008995 0.013664794880199314
27.21883016816921 0.014010963855712532
27.352255806248472 0.013210578451465166
27.48568144432773 0.011264152909014684
27.61910708240699 0.008260168730145429
27.752532720486254 0.004372789088594476
27.885958358565514 -0.00014561140421972212
28.019383996644773 -0.004977117270545446
28.152809634724036 -0.009756096666177076
28.286235272803296 -0.014091952207468644
28.41966091088256 -0.01759622891916209
28.55308654896182 -0.019913005276633276
28.686512187041078 -0.020750868097056993
28.81993782512034 -0.019914113422138346
28.9533634631996 -0.01733024430454552
29.08678910127886 -0.013070488780383277
29.220214739358124 -0.007360065272489264
29.353640377437383 -0.000575372638859593
29.487066015516643 0.006773783872784704
29.620491653595906 0.01407743566508618
29.753917291675165 0.02067294658643033
29.887342929754425 0.025903671151385026
30.020768567833688 0.029183895271014657
30.154194205912948 0.030063735635070213
30.28761984399221 0.028286823889892135
30.42104548207147 0.023833542560038473
30.55447112015073 0.016943421698678972
30.687896758229993 0.00811204680674933
30.821322396309252 -0.0019396560026129356
30.954748034388512 -0.012322846740727245
31.088173672467775 -0.02206076558636601
31.221599310547035 -0.03018412540415153
31.355024948626294 -0.035832325627505816
31.488450586705557 -0.038349477784373164
31.621876224784817 -0.03736403645878107
31.75530186286408 -0.0328419876784671
31.88872750094334 -0.025106010121883432
32.0221531390226 -0.014816570724817745
32.15557877710186 -0.002915168170184312
32.28900441518112 0.009465595981667706
32.422430053260385 0.02111630560241935
32.555855691339644 0.03087729946303041
32.689281329418904 0.037763497032968794
32.82270696749816 0.04107313212449409
32.95613260557742 0.040467455481905425
33.08955824365669 0.03601150379355657
33.22298388173595 0.028170377150711863
33.35640951981521 0.017760621880340822
33.48983515789447 0.005861661938858282
33.62326079597373 -0.006302904316844505
33.75668643405299 -0.017500548287320377
33.890112072132254 -0.026625824203509535
34.023537710211514 -0.03282110988694828
34.15696334829077 -0.03556774736611579
34.29038898637003 -0.03473677216071848
34.42381462444929 -0.03059332482106597
34.55724026252856 -0.023754529033148807
34.69066590060782 -0.015106382587848218
34.82409153868708 -0.0056903047404162025
34.95751717676634 0.003426245433639565
35.0909428148456 0.011278718800572704
35.22436845292486 0.017117779312837304
35.35779409100412 0.02049098203415732
35.49121972908338 0.02128389770574481
35.62464536716264 0.01971610210350846
35.7580710052419 0.016293397680595817
35.89149664332116 0.0117234064016407
36.02492228140043 0.006806501512403257
36.15834791947969 0.00231728511446953
36.29177355755895 -0.001106974090896794
36.42519919563821 -0.003055527956328502
36.55862483371747 -0.003398634429344207
36.692050471796726 -0.0022997934981348954
36.82547610987599 -0.0001840243739761028
36.95890174795525 0.0023334053161583037
37.09232738603451 0.004547812369480249
37.22575302411377 0.005781238946684896
37.35917866219303 0.005497282889507888
37.49260430027229 0.003397884587277761
37.62602993835156 -0.000512476625055621
37.75945557643082 -0.005905497311695095
37.892881214510076 -0.012155267675980503
38.026306852589336 -0.018410099300002068
38.159732490668596 -0.023701690390921328
38.29315812874786 -0.027077941533931272
38.42658376682712 -0.027742030991454194
38.56000940490638 -0.025178895422120307
38.69343504298564 -0.019251281430284897
38.8268606810649 -0.010250953375899062
38.96028631914416 0.0011039363748067768
39.09371195722343 0.013727555906954998
39.227137595302686 0.026276191093281793
39.360563233381946 0.037297361877501094
39.493988871461205 0.045401043092719175
39.627414509540465 0.04943239169304317
39.76084014761973 0.048624529661102145
39.89426578569899 0.04271176301033083
40.02769142377825 0.03198794511307964
40.16111706185751 0.017301011633121775
40.29454269993677 -1.7736709424960774e-05
40.42796833801603 -0.018283170453497463
40.561393976095296 -0.03563105576117956
40.694819614174556 -0.05021868693731091
40.828245252253815 -0.06042874936187549
40.961670890333075 -0.06505301446933144
41.095096528412334 -0.06343452313557914
41.2285221664916 -0.0555515030522107
41.36194780457086 -0.042032841145291426
41.49537344265012 -0.024102707873691984
41.62879908072938 -0.003459981088082981
41.76222471880864 0.017894506994077318
41.8956503568879 0.037864034229750786
42.029075994967165 0.0544728562115929
42.162501633046425 0.06607031987387284
42.295927271125684 0.0715002918376897
42.429352909204944 0.07021803706631383
42.5627785472842 0.062342676122815986
42.69620418536347 0.04864054166000735
42.82962982344273 0.03044230120874152
42.96305546152199 0.00950375298652375
43.09648109960125 -0.012174039841369753
43.22990673768051 -0.032545732903291616
43.36333237575977 -0.04972262315442653
43.496758013839035 -0.06215302978652392
43.630183651918294 -0.06876451027688293
43.763609289997554 -0.0690548934061284
43.89703492807681 -0.0631248789644482
44.03046056615607 -0.051651202188001975
44.16388620423533 -0.03580539417618179
44.2973118423146 -0.017128359294363318
44.43073748039386 0.0026251573318814784
44.56416311847312 0.021655938481107966
44.69758875655238 0.03828678872638929
44.83101439463164 0.05111068321720002
44.964440032710904 0.05910776302994446
45.09786567079016 0.0617220696572429
45.23129130886942 0.058893197148907485
45.36471694694868 0.05104244362855602
45.49814258502794 0.03901713505046286
45.6315682231072 0.024000223654474524
45.76499386118647 0.007394788553235102
45.89841949926573 -0.00930544016702427
46.03184513734499 -0.024647964330185772
46.16527077542425 -0.03734475621422545
46.29869641350351 -0.0463771371908717
46.43212205158277 -0.051074544371351546
46.56554768966203 -0.05116181964247387
46.69897332774129 -0.04677226632673736
46.83239896582055 -0.03842637488660085
46.96582460389981 -0.026978666827139907
47.09925024197907 -0.01353741577120769
47.23267588005834 0.0006360335933027758
47.3661015181376 0.014240111335005358
47.49952715621686 0.026048811733931056
47.632952794296116 0.0350208326945223
47.766378432375376 0.04039277322247026
47.89980407045464 0.04174811003972222
48.0332297085339 0.03905539495413097
48.16665534661316 0.032671484053440246
48.30008098469242 0.023308503231630123
48.43350662277168 0.01196647654548952
48.56693226085094 -0.00016316591562239797
48.70035789893021 -0.011814933985204865
48.83378353700947 -0.02177672941186509
48.967209175088726 -0.029015056333974897
49.100634813167986 -0.032785179841158744
49.234060451247245 -0.03271425515711503
49.367486089326505 -0.02884760810072357
49.50091172740577 -0.021651710850166074
49.63433736548503 -0.01197169360806436
49.76776300356429 -0.0009460553172917586
49.90118864164355 0.010113920946154735
50.03461427972281 0.019868231892766403
50.168039917802076 0.02710063711102626
50.301465555881336 0.030862772370664322
50.434891193960596 0.0305931925608339
50.568316832039855 0.026196655698124502
50.701742470119115 0.018072778835936623
50.835168108198374 0.0070884835025179895
50.96859374627764 -0.005505134280747291
51.1020193843569 -0.018204406534595843
51.23544502243616 -0.02942009657604726
51.36887066051542 -0.0376619918938404
51.50229629859468 -0.041720388538139454
51.635721936673946 -0.04082316710212493
51.769147574753205 -0.034749025055392506
51.902573212832465 -0.0238816569380159
52.035998850911724 -0.009195871914759426
52.169424488990984 0.007825835494868202
52.30285012707024 0.025339719594881446
52.43627576514951 0.04133607725639927
52.56970140322877 0.05386298484922143
52.70312704130803 0.06125391123083546
52.83655267938729 0.06233317691482507
52.96997831746655 0.056574727077309046
53.103403955545815 0.044194078305017245
53.236829593625075 0.026160179071816995
53.370255231704334 0.004122580737531495
53.503680869783594 -0.019741191758673123
53.63710650786285 -0.04294392010512917
53.77053214594211 -0.06295051935105161
53.90395778402138 -0.07745561069684936
54.03738342210064 -0.08464632275082706
54.1708090601799 -0.08342046268603705
54.30423469825916 -0.07353425427591746
54.43766033633842 -0.05566092412585697
54.57108597441768 -0.03135080808104667
54.704511612496944 -0.0028943445163820917
54.8379372505762 0.026899853487267516
54.97136288865546 0.05498991371451262
55.10478852673472 0.07841913566980364
55.23821416481398 0.09463402097363126
55.37163980289325 0.10176720375489397
55.50506544097251 0.09885362148525519
55.63849107905177 0.08595487014937138
55.77191671713103 0.06417619170084651
55.90534235521029 0.03557194877587326
56.03876799328955 0.002947525375016969
56.17219363136881 -0.030422969011842747
56.30561926944807 -0.06113429216114481
56.43904490752733 -0.0860075331246692
56.57247054560659 -0.10242925771127302
56.70589618368585 -0.10863550581021961
56.83932182176512 -0.1039092094595028
56.97274745984438 -0.08866850672288797
57.10617309792364 -0.06443491726113314
57.2395987360029 -0.033683202172930846
57.373024374082156 0.0004124314211252676
57.506450012161416 0.03430970237486548
57.63987565024068 0.06447239094442254
57.77330128831994 0.08774736104569805
57.9067269263992 0.10170379958948177
58.04015256447846 0.10489762138567027
58.17357820255772 0.09703167959904908
58.30700384063699 0.07899340003271574
58.44042947871625 0.05276456800213966
58.57385511679551 0.021211837659572318
58.707280754874766 -0.012220393657489607
58.840706392954026 -0.043882233510330965
58.974132031033285 -0.07031569776116846
59.10755766911255 -0.08863411896227386
59.24098330719181 -0.09684189883258883
59.37440894527107 -0.09405900284025412
59.50783458335033 -0.0806246201349414
59.64126022142959 -0.058067359363895864
59.77468585950885 -0.028943842783799488
59.908111497588116 0.0034379674744403066
60.041537135667376 0.03538151044278281
60.174962773746635 0.06321140299860076
60.308388411825895 0.08368554372252626
60.441814049905155 0.09436399270447467
60.57523968798442 0.09389322738902592
60.70866532606368 0.08217313507382354
60.84209096414294 0.06038657675074543
60.9755166022222 0.030886228746365464
61.10894224030146 -0.0030509200053762
61.24236787838072 -0.03757627550216154
61.375793516459986 -0.06869219401305436
61.509219154539245 -0.09269873454397803
61.642644792618505 -0.10661555715965167
61.776070430697764 -0.10853185500018554
61.909496068777024 -0.09784435397853768
62.04292170685629 -0.07535506156194356
62.17634734493555 -0.04321538509720553
62.30977298301481 -0.004719882954000775
62.44319862109407 0.03603053889143777
62.57662425917333 0.07456152868724707
62.71004989725259 0.10650872436477095
62.843475535331855 0.12809984895980364
62.976901173411115 0.13658284076252655
63.110326811490374 0.1305523596809215
63.243752449569634 0.11013723583672755
63.37717808764889 0.07702586977322674
63.51060372572816 0.034323745049769115
63.64402936380742 -0.013744749747955703
63.77745500188668 -0.06226101189876177
63.91088063996594 -0.10612017362366122
64.0443062780452 -0.14056943533205932
64.17773191612446 -0.16171983646757357
64.31115755420372 -0.16697649359712027
64.44458319228298 -0.15534021622636432
64.57800883036224 -0.127546416467097
64.71143446844151 -0.08602402285150616
64.84486010652077 -0.0346759382582998
64.97828574460003 0.021498537436109952
65.11171138267929 0.07690197283079282
65.24513702075855 0.1259072507421898
65.37856265883781 0.16343771588449535
65.51198829691707 0.18549864981880365
65.64541393499633 0.18960412370300467
65.77883957307559 0.1750536084003618
65.91226521115485 0.14302791325158454
66.0456908492341 0.09649252237259186
66.17911648731338 0.039916289928767515
66.31254212539264 -0.021167322062258666
66.4459677634719 -0.08071273315652672
66.57939340155116 -0.13277259495818683
66.71281903963042 -0.1721036961514471
66.84624467770968 -0.19470607119939276
66.97967031578894 -0.1982393553813528
67.1130959538682 -0.1822726383831766
67.24652159194746 -0.1483408705760041
67.37994723002672 -0.09980056921935146
67.51337286810598 -0.04149815012722385
67.64679850618525 0.02071643294930769
67.78022414426451 0.0805819170258535
67.91364978234377 0.1320637516062796
68.04707542042303 0.1699726662445115
68.18050105850229 0.19050001949236187
68.31392669658155 0.19161420481700955
68.4473523346608 0.1732762206739163
68.58077797274007 0.1374507734692807
68.71420361081933 0.08791014865906724
68.84762924889858 0.029849448263190782
68.98105488697784 -0.030648529407696426
69.11448052505712 -0.08724453620149288
69.24790616313638 -0.13400546394742816
69.38133180121564 -0.16602950307735775
69.5147574392949 -0.17996816523722914
69.64818307737416 -0.17438938465757087
69.78160871545342 -0.14994176622927435
69.91503435353268 -0.10930029464955324
70.04845999161194 -0.05689643896198979
70.1818856296912 0.0015417224169836736
70.31531126777045 0.05959332582972553
70.44873690584971 0.11083051503779488
70.58216254392899 0.14951448168099954
70.71558818200825 0.17122765262601902
70.8490138200875 0.17337331306626116
70.98243945816677 0.15548672232175048
71.11586509624603 0.11932075150655623
71.24929073432529 0.06869239275184107
71.38271637240454 0.00910179608618828
71.5161420104838 -0.0528398529931733
71.64956764856306 -0.11011593328837467
71.78299328664232 -0.15607006474577012
71.91641892472158 -0.185150222176574
72.04984456280086 -0.1935499659077124
72.18327020088012 -0.17967454729766694
72.31669583895938 -0.14437674694243727
72.45012147703864 -0.09093080647396012
72.5835471151179 -0.02474036568092676
72.71697275319715 0.047194945723894946
72.85039839127641 0.11700276098433762
72.98382402935567 0.17677756659166824
73.11724966743493 0.21944848069915227
73.25067530551419 0.23958158607876193
73.38410094359345 0.23402770718082108
73.51752658167273 0.20234083675606698
73.65095221975199 0.14691523931202996
73.78437785783125 0.07281833713687658
73.9178034959105 -0.01267117308053784
74.05122913398976 -0.10077834811066883
74.18465477206902 -0.18213003580534745
74.31808041014828 -0.24774413723588826
74.45150604822754 -0.2900060413993489
74.5849316863068 -0.3035268609818644
74.71835732438606 -0.2857881324772657
74.85178296246532 -0.2374982124528166
74.98520860054458 -0.16261471741863337
75.11863423862386 -0.06802205743154272
75.25205987670311 0.03711022688849431
75.38548551478237 0.14222791429274018
75.51891115286163 0.23646197008624137
75.6523367909409 0.30975846977206334
75.78576242902015 0.35395051272989153
75.91918806709941 0.3636577762780531
76.05261370517867 0.3369153157354304
76.18603934325793 0.27545990630164024
76.31946498133719 0.18463696995960288
76.45289061941645 0.07293035824856427
76.58631625749572 -0.04884313096542884
76.71974189557498 -0.16859682652616106
76.85316753365424 -0.2741890106698394
76.9865931717335 -0.35466619822519774
77.12001880981276 -0.4014067511364951
77.25344444789202 -0.40904518089428377
77.38687008597128 -0.3760784932360061
77.52029572405054 -0.30508739263207235
77.6537213621298 -0.2025439147096591
77.78714700020906 -0.07821914531507103
77.92057263828832 0.05575419583877403
78.0539982763676 0.18607360930005556
78.18742391444685 0.2995953992827007
78.32084955252611 0.3846669861067399
78.45427519060537 0.43232800075392647
78.58770082868463 0.43725689213573576
78.72112646676389 0.3983639869533071
78.85455210484315 0.3189663325010895
78.98797774292241 0.20652085370898618
79.12140338100167 0.07193631307159602
79.25482901908093 -0.07147306082405983
79.38825465716019 -0.20929280865040337
79.52168029523946 -0.3274456919963059
79.65510593331872 -0.41361970290338174
79.78853157139798 -0.45854371709063163
79.92195720947724 -0.4569806488217282
80.0553828475565 -0.40833369677511433
80.18880848563576 -0.31679764624525736
80.32223412371502 -0.19103086192149307
80.45565976179428 -0.043370482026846936
80.58908539987354 0.11134104018641569
80.7225110379528 0.25720991538594196
80.85593667603206 0.37888700957032595
80.98936231411133 0.4631497187950231
81.12278795219059 0.5003107533047593
81.25621359026985 0.48530747530066365
81.38963922834911 0.4183527661706789
81.52306486642837 0.3050682819265574
81.65649050450763 0.15606996437641704
81.78991614258689 -0.013970610395305373
81.92334178066615 -0.18771209171288444
82.05676741874541 -0.34685166377006604
82.19019305682467 -0.47399373739914025
82.32361869490393 -0.5544942825726451
82.4570443329832 -0.578090937143899
82.59046997106246 -0.5401427977954507
82.72389560914172 -0.44233600899266495
82.85732124722098 -0.29275960155182973
82.99074688530024 -0.10531643617260505
83.1241725233795 0.10149892801206847
83.25759816145876 0.30635658770823515
83.39102379953802 0.4872228050113304
83.52444943761728 0.623660800803093
83.65787507569654 0.6990671731545621
83.7913007137758 0.7026054768327102
83.92472635185507 0.6306184787455894
84.05815198993433 0.48734466875641314
84.19157762801359 0.28482946536621506
84.32500326609285 0.04200150700431074
84.45842890417211 -0.21702820386849828
84.59185454225137 -0.46530066465361275
84.72528018033063 -0.6757580458753314
84.85870581840989 -0.8241334258117122
84.99213145648915 -0.8916778963575696
85.1255570945684 -0.8674241318742488
85.25898273264767 -0.7497204919032013
85.39240837072694 -0.546835378120065
85.5258340088062 -0.2765223708348185
85.65925964688546 0.03545596839410235
85.79268528496472 0.3577347311165553
85.92611092304398 0.6564663086468786
86.05953656112324 0.8988476500878092
86.1929621992025 1.0566909561587934
86.32638783728176 1.109652018069278
86.45981347536102 1.0477501803766682
86.59323911344028 0.8728748810623026
86.72666475151954 0.5990711063480167
86.8600903895988 0.2515207892601613
86.99351602767807 -0.1357234180847993
87.12694166575733 -0.5230562972001929
87.26036730383659 -0.8693708069374658
87.39379294191585 -1.1364285440887258
87.52721857999511 -1.2930853130489215
87.66064421807437 -1.3189047922488413
87.79406985615363 -1.2067425057510233
87.92749549423289 -0.9639797390077743
88.06092113231215 -0.6122237008576565
88.1943467703914 -0.18545238132027508
88.32777240847066 0.2732469620557555
88.46119804654994 0.7160366732654094
88.5946236846292 1.0953444799369707
88.72804932270846 1.369008666037086
88.86147496078772 1.504993629268921
88.99490059886698 1.4851463097203035
89.12832623694624 1.3075531438220938
89.2617518750255 0.9871979847117336
89.39517751310476 0.5547997215371497
89.52860315118402 0.053905359937097844
89.66202878926327 -0.46349134063049235
89.79545442734253 -0.9423656966128928
89.92888006542181 -1.3305466216856052
90.06230570350107 -1.5844375679742382
90.19573134158033 -1.6739434003796567
90.32915697965959 -1.5860443408513603
90.46258261773885 -1.3265933554664384
90.5960082558181 -0.9200987061786651
90.72943389389737 -0.4074694263434869
90.86285953197662 0.15807509602036854
90.99628517005588 0.7165240741665353
91.12971080813514 1.2074497989996325
91.2631364462144 1.576558670341383
91.39656208429368 1.7817065396766318
91.52998772237294 1.7977106274598673
91.6634133604522 1.619409133617029
91.79683899853146 1.262601110989467
91.93026463661072 0.7627243159843398
92.06369027468998 0.17137352671477796
92.19711591276923 -0.4490003993394031
92.3305415508485 -1.0316659390940814
92.46396718892775 -1.5127677438375753
92.59739282700701 -1.83829699504381
92.73081846508627 -1.970115184489123
92.86424410316555 -1.8903620620685804
92.9976697412448 -1.603743573478172
93.13109537932407 -1.1374179178686024
93.26452101740333 -0.5384539153281185
93.39794665548258 0.1309017469505088
93.53137229356184 0.7996715473332029
93.6647979316411 1.395639752118015
93.79822356972036 1.8530998502784821
93.93164920779962 2.1200276730498055
94.06507484587888 2.1639015113513165
94.19850048395814 1.975525287270756
94.33192612203742 1.5704162707960463
94.46535176011668 0.9875736322632569
94.59877739819594 0.28572148610061093
94.7322030362752 -0.462609414111305
94.86562867435445 -1.178562444531343
94.99905431243371 -1.785225834410172
95.13247995051297 -2.2158273146403173
95.26590558859223 -2.42098388599218
95.39933122667149 -2.3742269727473064
95.53275686475075 -2.0751955542127427
95.66618250283001 -1.5501280230956955
95.79960814090929 -0.8495630397999799
95.93303377898854 -0.04345156492063499
96.0664594170678 0.7858439040452493
96.19988505514706 1.5519598726751938
96.33331069322632 2.173493099768598
96.46673633130558 2.582585273472001
96.60016196938484 2.7322313302339345
96.7335876074641 2.6015328866482097
96.86701324554336 2.198321588893692
97.00043888362262 1.558842373344425
97.13386452170188 0.7444869185463887
97.26729015978114 -0.16412763110906478
97.40071579786041 -1.0751615854624252
97.53414143593967 -1.8948418233577302
97.66756707401893 -2.537098349086854
97.80099271209819 -2.932560866257692
97.93441835017745 -3.03597998171761
98.06784398825671 -2.8312862737897384
98.20126962633597 -2.3337316634059055
98.33469526441523 -1.5888487498197592
98.46812090249449 -0.6682860784739012
98.60154654057375 0.33710175858688707
98.73497217865301 1.3262434683961168
98.86839781673228 2.198031136307868
99.00182345481154 2.8616668193951718
99.1352490928908 3.246118527718108
99.26867473097006 3.3077030833886236
99.40210036904932 3.0349895620408875
99.53552600712858 2.4504784870221785
99.66895164520784 1.6088333741163274
99.8023772832871 0.5917907911052978
99.93580292136636 -0.4997824424263984
100.06922855944562 -1.5559160824036493
100.20265419752488 -2.4686520034000954
100.33607983560415 -3.143124918475937
100.46950547368341 -3.507469687680145
100.60293111176267 -3.5205183693769952
100.73635674984193 -3.176460392951106
100.86978238792119 -2.505938308914
101.00320802600045 -1.573410329354861
101.13663366407971 -0.47099338866420926
101.27005930215897 0.690632372978851
101.40348494023823 1.793363286851987
101.53691057831749 2.7237352553491827
101.67033621639675 3.384675568186928
101.80376185447602 3.7057210989301
101.93718749255528 3.650620346553868
102.07061313063454 3.2214918213468744
102.2040387687138 2.4590570347808867
102.33746440679306 1.4388683209166753
102.47089004487232 0.2638687754098702
102.60431568295158 -0.9459897779398687
102.73774132103084 -2.0660260808542428
102.8711669591101 -2.9797471231328028
103.00459259718936 -3.5910602506842317
103.13801823526862 -3.8344909235720457
103.27144387334789 -3.682309353013467
103.40486951142715 -3.147779998627447
103.53829514950641 -2.2841463733752168
103.67172078758567 -1.179408850888805
103.80514642566493 0.052601435998054336
103.93857206374419 1.283951413394201
104.07199770182345 2.385928754087279
104.20542333990271 3.242566537810991
104.33884897798197 3.7629408611683277
104.47227461606123 3.890927138322595
104.60570025414049 3.611357204717793
104.73912589221976 2.9518916391542427
104.87255153029902 1.9803714317373238
105.00597716837828 0.7978928622839422
105.13940280645754 -0.47169201508505937
105.2728284445368 -1.6947591271752716
105.40625408261606 -2.7420157322170193
105.53967972069532 -3.5022282110338203
105.67310535877458 -3.8941080627444653
105.80653099685384 -3.8750765438403194
105.9399566349331 -3.445954027556149
106.07338227301236 -2.6510507223254782
106.20680791109163 -1.573625156324825
106.34023354917089 -0.3271732988553276
106.47365918725015 0.9565392795524675
106.60708482532941 2.1414361055636575
106.74051046340867 3.101594179017863
106.87393610148793 3.7346687730417534
107.00736173956719 3.9728395630569566
107.14078737764645 3.7901005649183315
107.2742130157257 3.2051056015956374
107.40763865380497 2.279256191632006
107.54106429188423 1.1102286688660228
107.6744899299635 -0.1783730868264623
107.80791556804276 -1.4501366789045878
107.94134120612202 -2.5703314998956475
108.07476684420128 -3.4202226116857943
108.20819248228054 -3.909679806821048
108.3416181203598 -3.986737100290672
108.47504375843906 -3.6430858631345124
108.60846939651832 -2.9149214599413673
108.74189503459758 -1.8790612641177
108.87532067267684 -0.6447574582887905
109.0087463107561 0.6579133882352267
109.14217194883535 1.8918395142196673
109.27559758691463 2.9273697153779548
109.40902322499389 3.6559741778791617
109.54244886307315 4.001624779527408
109.6758745011524 3.928698948841207
109.80930013923167 3.445586994265401
109.94272577731093 2.6036436509285545
110.07615141539019 1.4916205300507999
110.20957705346945 0.22619394180370467
110.3430026915487 -1.0603886304715695
110.47642832962796 -2.2342232508311057
110.60985396770722 -3.1737508939265173
110.7432796057865 -3.7823739810598593
110.87670524386576 -3.9983752204725937
111.01013088194502 -3.801121500278236
111.14355652002428 -3.2129353672735137
111.27698215810354 -2.2964770870204037
111.4104077961828 -1.1479520733641848
111.54383343426205 0.11310826796885187
111.67725907234131 1.3563946006828562
111.81068471042057 2.4543685248512803
111.94411034849983 3.2953954515763306
112.0775359865791 3.795104959042573
112.21096162465837 3.904822846456596
112.34438726273763 3.61623724378421
112.47781290081689 2.9618617185118943
112.61123853889615 2.0112983905196855
112.7446641769754 0.8637373127394826
112.87808981505466 -0.3624899692105739
113.01151545313392 -1.5421932978159274
113.14494109121318 -2.556161108499371
113.27836672929244 -3.3032315782910393
113.4117923673717 -3.7103751247160837
113.54521800545096 -3.739787052886547
113.67864364353024 -3.3923092578202945
113.8120692816095 -2.706884209996594
113.94549491968876 -1.7561526050451652
114.07892055776801 -0.6386960423818174
114.21234619584727 0.5312413937724813
114.34577183392653 1.6354764206059
114.4791974720058 2.5638491551138594
114.61262311008505 3.2252141654263013
114.74604874816431 3.556366082874086
114.87947438624357 3.528031092034626
115.01290002432283 3.1473644381901984
115.1463256624021 2.4567539958567015
115.27975130048137 1.5291039202364356
115.41317693856062 0.46012275896744725
115.54660257663988 -0.6415674819548534
115.68002821471914 -1.66547910539382
115.8134538527984 -2.510340827572432
115.94687949087766 -3.0941050890459265
116.08030512895692 -3.361895239488926
116.21373076703618 -3.291127385758156
116.34715640511544 -2.893334727484394
116.4805820431947 -2.2125579110393403
116.61400768127397 -1.3205093354055737
116.74743331935323 -0.30903813614696224
116.8808589574325 0.7193155017410784
117.01428459551175 1.6617081790990096
117.14771023359101 2.425273647384721
117.28113587167027 2.9362705038928216
117.41456150974953 3.1471981756252196
117.54798714782879 3.04119625540445
117.68141278590805 2.633321981169917
117.81483842398731 1.9686174305002149
117.94826406206657 1.1171999089269793
118.08168970014584 0.16690393835237913
118.2151153382251 -0.7857579051026197
118.34854097630436 -1.6453885496228937
118.48196661438362 -2.3272626052807763
118.61539225246288 -2.7656884338536827
118.74881789054214 -2.920350060036367
118.8822435286214 -2.780015196852016
119.01566916670066 -2.3632675775865106
119.14909480477992 -1.7162254309926537
119.28252044285918 -0.9075124439814415
119.41594608093844 -0.02102219264820896
119.5493717190177 0.8527657208712359
119.68279735709697 1.626021232571285
119.81622299517623 2.222408415676446
119.94964863325549 2.584646579656094
120.08307427133475 2.680035773986557
120.21649990941401 2.503410283608458
120.34992554749327 2.0772519714016653
120.48335118557253 1.448988288447936
120.61677682365179 0.6857872018962041
120.75020246173105 -0.1325862714524354
120.88362809981031 -0.9220954307384935
121.01705373788957 -1.6030706811123236
121.15047937596884 -2.1082719197907958
121.2839050140481 -2.389555290369736
121.41733065212736 -2.422479412015898
121.55075629020662 -2.20840740655047
121.68418192828588 -1.7739254817643884
121.81760756636514 -1.167678533983601
121.9510332044444 -0.454988932662002
122.08445884252366 0.2891511710246717
122.21788448060292 0.9879638909422401
122.35131011868218 1.5708163876468157
122.48473575676144 1.9803768143347726
122.61816139484071 2.1782674404792735
122.75158703291997 2.1486550960968565
122.88501267099923 1.899443058544567
123.01843830907849 1.460984001244835
123.15186394715775 0.882493325272392
123.28528958523701 0.22657874066672906
123.41871522331627 -0.4375091432667204
123.55214086139553 -1.0411782939987089
123.68556649947479 -1.5235781373509778
123.81899213755405 -1.8377310790217523
123.95241777563331 -1.9550939282297062
124.08584341371258 -1.8681071813996513
124.21926905179184 -1.5905096347170438
124.3526946898711 -1.155434114256085
124.48612032795036 -0.6115317214712778
124.61954596602962 -0.01757260843294516
124.75297160410888 0.5638795584532691
124.88639724218814 1.0730391905153536
125.0198228802674 1.459026366281146
125.15324851834666 1.6849231650009726
125.28667415642592 1.7312585432806074
125.42009979450518 1.597597896072086
125.55352543258445 1.3021192777041475
125.68695107066371 0.8792711785659754
125.82037670874297 0.37580419395273906
125.95380234682223 -0.15436943721619617
126.08722798490149 -0.655924586758704
126.22065362298075 -1.0778684428846819
126.35407926106001 -1.378687444498619
126.48750489913927 -1.5303797885063788
126.62093053721853 -1.520987349760233
126.75435617529779 -1.355407170317253
126.88778181337705 -1.054446875267091
127.02120745145632 -0.6522707357695928
127.15463308953558 -0.19254473722174767
127.28805872761484 0.2762861833073765
127.4214843656941 0.7060793234722773
127.55491000377336 1.053903028982737
127.68833564185262 1.2862761866078656
127.82176127993188 1.3823251991936212
127.95518691801114 1.3355685954569467
128.0886125560904 1.154188372973545
128.22203819416967 0.859805589175119
128.35546383224892 0.4849291009177789
128.4888894703282 0.069375538537279
128.62231510840743 -0.34394675320528206
128.7557407464867 -0.7134453291947215
128.88916638456595 -1.0029931860178427
129.02259202264523 -1.1854108985282188
129.15601766072447 -1.244952064974667
129.28944329880375 -1.1785731135838478
129.42286893688302 -0.9958970228059841
129.55629457496227 -0.7179136919960475
129.68972021304154 -0.37458414767013537
129.82314585112078 -0.0016194446970650323
129.95657148920006 0.36322149986135277
130.0899971272793 0.6839339916959283
130.22342276535858 0.9297903246299628
130.35684840343782 1.0782431803308439
130.4902740415171 1.1169409657805651
130.62369967959634 1.044681828411792
130.75712531767562 0.8712424923960291
130.8905509557549 0.6161303153482509
131.02397659383413 0.3064110683198725
131.1574022319134 -0.026148950257172586
131.29082786999265 -0.3483275281848036
131.42425350807193 -0.6287494489610129
131.55767914615117 -0.8409225434468643
131.69110478423045 -0.9657165160180146
131.8245304223097 -0.9930562278704569
131.95795606038897 -0.9226837030744623
132.0913816984682 -0.7639377264312438
132.22480733654749 -0.5345970879995675
132.35823297462676 -0.2589238499215706
132.491658612706 0.034882095198326246
132.62508425078528 0.31755332456893515
132.75850988886452 0.5616605197606448
132.8919355269438 0.7442670524322711
133.02536116502304 0.8490771914947979
133.15878680310232 0.8678779862486998
133.29221244118156 0.8011487242371851
133.42563807926084 0.6577966054382419
133.55906371734008 0.4540644180024552
133.69248935541935 0.21173694553800881
133.82591499349863 -0.04416028201539344
133.95934063157787 -0.2879298321629472
134.09276626965715 -0.49577699639422246
134.2261919077364 -0.6481331036933434
134.35961754581567 -0.7315007233366314
134.4930431838949 -0.7396464169479805
134.62646882197419 -0.6740357204565062
134.75989446005343 -0.5434834294021511
134.8933200981327 -0.3630719779138087
135.02674573621195 -0.15246365797023478
135.16017137429122 0.06620867936723998
135.2935970123705 0.27064874465517247
135.42702265044974 0.44066252334197537
135.56044828852902 0.5601525625927734
135.69387392660826 0.6186434279692807
135.82729956468754 0.6121932102462222
135.96072520276678 0.5436121934121545
136.09415084084605 0.42198288220287783
136.2275764789253 0.2615478289561998
136.36100211700457 0.080095595294212
136.49442775508382 -0.10297577707373509
136.6278533931631 -0.268709079018115
136.76127903124237 -0.4005363914921619
136.8947046693216 -0.4859258085745815
137.0281303074009 -0.5175628832567802
137.16155594548013 -0.4939559142690186
137.2949815835594 -0.4194172752900528
137.42840722163865 -0.30343959981153934
137.56183285971792 -0.15954864833329646
137.69525849779717 -0.0037675066514106506
137.82868413587644 0.14713596590477188
137.9621097739557 0.27742837890327104
138.09553541203496 0.3740291214524193
138.22896105011424 0.42780234324882405
138.36238668819348 0.43439633112301973
138.49581232627276 0.3945554015859374
138.629237964352 0.3138872798510505
138.76266360243127 0.20212689074120435
138.89608924051052 0.07198936693318211
139.0295148785898 -0.06225446112874077
139.16294051666904 -0.18632175027774464
139.2963661547483 -0.28741464695312685
139.42979179282756 -0.35551503010272645
139.56321743090683 -0.3843478089243186
139.6966430689861 -0.37192273617080396
139.83006870706535 -0.32061199621050035
139.96349434514462 -0.23677096680794088
140.09691998322387 -0.12995711578773392
140.23034562130314 -0.011842039474740157
140.3637712593824 0.10505976686312243
140.49719689746166 0.20870726406730064
140.6306225355409 0.288756658549676
140.76404817362018 0.3375697305053076
140.89747381169943 0.350910794728179
141.0308994497787 0.3282722279187191
141.16432508785797 0.27280906123505344
141.29775072593722 0.19090399440724745
141.4311763640165 0.09142108439161602
141.56460200209574 -0.015264336903618418
141.698027640175 -0.11835291817992175
141.83145327825426 -0.20771179888755684
141.96487891633353 -0.2748590314115297
142.09830455441278 -0.3137479858830366
142.23173019249205 -0.32128194252060843
142.3651558305713 -0.29751904100879056
142.49858146865057 -0.2455602290783665
142.63200710672984 -0.17114444663530967
142.7654327448091 -0.08200289636674539
142.89885838288836 0.012954632156261284
143.0322840209676 0.10453552015910003
143.16570965904688 0.18415241599139298
143.29913529712613 0.24461893147166244
143.4325609352054 0.28078109087198566
143.56598657328465 0.28993176474272886
143.69941221136392 0.2719784031145871
143.83283784944317 0.2293590412140356
143.96626348752244 0.166725368351804
144.0996891256017 0.09043244791267074
144.23311476368096 0.00789069984581948
144.36654040176023 -0.07315418944129554
144.49996603983948 -0.14534425142690643
144.63339167791875 -0.20236890098912855
144.766817315998 -0.23950387382856625
144.90024295407727 -0.2539855494435194
145.03366859215652 -0.24519355017655986
145.1670942302358 -0.21463287900856834
145.30051986831504 -0.1657251299694488
145.4339455063943 -0.10343488786757331
145.56737114447358 -0.03377097578947502
145.70079678255283 0.03678831138410467
145.8342224206321 0.10189205676147496
145.96764805871135 0.15588182052402885
146.10107369679062 0.19427592474782035
146.23449933486987 0.21413271017120497
146.36792497294914 0.214264571685836
146.50135061102839 0.1952886336613419
146.63477624910766 0.15951474818517772
146.7682018871869 0.11068579942084966
146.90162752526618 0.053597867196735156
147.03505316334545 -0.006362388739780499
147.1684788014247 -0.06371948959072435
147.30190443950397 -0.11340412948515646
147.43533007758322 -0.15119730536003964
147.5687557156625 -0.1740851661454516
147.70218135374174 -0.18049511450586975
147.835606991821 -0.17039506962291232
147.96903262990025 -0.1452505432061839
148.10245826797953 -0.10784713104544832
148.23588390605877 -0.06199801348396909
148.36930954413805 -0.012166025616830892
148.5027351822173 0.03696306634154769
148.63616082029657 0.08091585612145276
148.76958645837584 0.11583509231978695
148.9030120964551 0.1388157473905892
149.03643773453436 0.14814421561315017
149.1698633726136 0.14342111493487733
149.30328901069288 0.12555938220310958
149.43671464877212 0.09666108640647503
149.5701402868514 0.05978753606457567
149.70356592493064 0.01864679608967402
149.83699156300992 -0.02277020051461449
149.97041720108916 -0.06056976624214747
150.10384283916844 -0.09131600220040913
150.2372684772477 -0.11233871508018273
150.37069411532696 -0.1219614095296766
150.50411975340623 -0.11963021677023739
150.63754539148547 -0.10593435591329346
150.77097102956475 -0.08251908412516575
150.904396667644 -0.05190209053150009
151.03782230572327 -0.017213002876451493
151.1712479438025 0.018117671723963186
151.3046735818818 0.05068982234073822
151.43809921996103 0.07745377396015649
151.5715248580403 0.09598948376655662
151.70495049611958 0.10471982630478857
151.83837613419882 0.10303964273241785
151.9718017722781 0.09135049507153821
152.10522741035734 0.07100005532021421
152.23865304843662 0.04413392891907118
152.37207868651586 0.013475654237053498
152.50550432459514 -0.01794306781206046
152.63892996267438 -0.04707571397713877
152.77235560075366 -0.07114999756911049
152.9057812388329 -0.0879257351144708
153.03920687691217 -0.09589800318337653
153.17263251499145 -0.09442755928538991
153.3060581530707 -0.08378755410592324
153.43948379114997 -0.06512351075983352
153.5729094292292 -0.04033165329922631
153.7063350673085 -0.01186819033398709
153.83976070538773 0.017491579668513856
153.973186343467 0.044921036314811494
154.10661198154625 0.06781134669073226
154.24003761962553 0.08401655563781697
154.37346325770477 0.09205183120106009
154.50688889578404 0.09122668713256614
154.64031453386332 0.08170131898775977
154.77374017194256 0.06446157215845294
154.90716581002184 0.041215809761164464
155.04059144810108 0.014224331528956956
155.17401708618036 -0.013921688141565797
155.3074427242596 -0.040550122940082145
155.44086836233888 -0.06316251106806306
155.57429400041812 -0.07966899284153868
155.7077196384974 -0.08858134280301587
155.84114527657664 -0.08914614645220284
155.9745709146559 -0.08140614988655205
156.1079965527352 -0.06618489323883062
156.24142219081443 -0.044997220719093234
156.3748478288937 -0.019895399136877392
156.50827346697295 0.00673333082727159
156.64169910505223 0.03239749415558418
156.77512474313147 0.054737745996317644
156.90855038121074 0.07174607748862359
157.04197601929 0.08194720790574384
157.17540165736926 0.08452562901363836
157.3088272954485 0.07938742674535111
157.44225293352778 0.06715259965062259
157.57567857160706 0.04908043684690861
157.7091042096863 0.026936915167065225
157.84252984776558 0.0028183955176492278
157.97595548584482 -0.021050358196181725
158.1093811239241 -0.042523968825147945
158.24280676200334 -0.0597303415777311
158.3762324000826 -0.07123304121262534
158.50965803816186 -0.0761482262272709
158.64308367624113 -0.07420709148515563
158.77650931432038 -0.06576028027777359
158.90993495239965 -0.051726292113242256
159.04336059047893 -0.03349098459357097
159.17678622855817 -0.01276938314717632
159.31021186663745 0.008556163327991749
159.4436375047167 0.028606089263064936
159.57706314279596 0.04566672540650358
159.7104887808752 0.05833265549360698
159.84391441895448 0.06561715473057736
159.97734005703373 0.06702292255574335
160.110765695113 0.06256909929903975
160.24419133319225 0.05277437096361551
160.37761697127152 0.03859949525698872
160.5110426093508 0.021355570745351493
160.64446824743004 0.002586647840482361
160.77789388550931 -0.016063242258625793
160.91131952358856 -0.032987898957684864
161.04474516166783 -0.04675096231591292
161.17817079974708 -0.0562022607686169
161.31159643782635 -0.0605699921747518
161.4450220759056 -0.0595220566910868
161.57844771398487 -0.05319204257602053
161.71187335206412 -0.04216780635337169
161.8452989901434 -0.027443184375113627
161.97872462822266 -0.010336012401791377
162.1121502663019 0.007621815481818797
162.24557590438118 0.024814199199492133
162.37900154246043 0.039680638839842824
162.5124271805397 0.05085472514948305
162.64585281861895 0.05728950904418175
162.77927845669822 0.05835833508503732
162.91270409477747 0.05392113131950183
163.04612973285674 0.04434857760628041
163.179555370936 0.030499924743594163
163.31298100901526 0.013654289211214718
163.44640664709453 -0.004600325959289925
163.57983228517378 -0.022511652363085773
163.71325792325305 -0.03832891836860293
163.8466835613323 -0.05047436038346179
163.98010919941157 -0.057703586032060855
164.11353483749082 -0.05923806161621162
164.2469604755701 -0.054854963693383454
164.38038611364934 -0.044923323627834896
164.5138117517286 -0.03038051899179587
164.64723738980786 -0.012649248270536135
164.78066302788713 0.006498463065097107
164.9140886659664 0.025117649224472904
165.04751430404565 0.041289678855990955
165.18093994212492 0.05332371322202428
165.31436558020417 0.059938632492564675
165.44779121828344 0.060405118258181276
165.5812168563627 0.054631345132134024
165.71464249444196 0.043181522249671235
165.8480681325212 0.027223740287104944
165.98149377060048 0.00841142844205478
166.11491940867973 -0.011289691576240686
166.248345046759 -0.02981085198350793
166.38177068483827 -0.045202925264575027
166.51519632291752 -0.05584786821182949
166.6486219609968 -0.06063514476879796
166.78204759907604 -0.059083031759744296
166.9154732371553 -0.05139079130425615
167.04889887523456 -0.03841548878657324
167.18232451331383 -0.02157584339301561
167.31575015139308 -0.002693903496590971
167.44917578947235 0.016207464313976298
167.5826014275516 0.033128167010051134
167.71602706563087 0.0463100415098521
167.84945270371014 0.05442665609206144
167.9828783417894 0.05672237657412168
168.11630397986866 0.05308537409818082
168.2497296179479 0.04404709184947835
168.38315525602718 0.030709358436768128
168.51658089410643 0.014608782135094927
168.6500065321857 -0.002464739756940121
168.78343217026494 -0.018673471664123576
168.91685780834422 -0.032336940787801326
169.05028344642346 -0.04211295450758403
169.18370908450274 -0.04713422174200021
169.317134722582 -0.047086065239687155
169.45056036066126 -0.04221813092671128
169.58398599874053 -0.03329109079542067
169.71741163681978 -0.02146708129108395
169.85083727489905 -0.008159066617498597
169.9842629129783 0.005141303497758111
170.11768855105757 0.017035949423080166
170.2511141891368 0.026372226580521258
170.3845398272161 0.032357297838374405
170.51796546529533 0.034623314002112535
170.6513911033746 0.03323834945717243
170.78481674145388 0.028665035158107605
170.91824237953313 0.021675262230454326
171.0516680176124 0.013234386472668322
171.18509365569165 0.00437144419905111
171.31851929377092 -0.003947328145649324
171.45194493185016 -0.010925899197747651
171.58537056992944 -0.016014522265279718
171.71879620800868 -0.018947198628557604
171.85222184608796 -0.01973889713915855
171.9856474841672 -0.01864646537692863
172.11907312224648 -0.01610186927925225
172.25249876032572 -0.012629625619609688
172.385924398405 -0.008761659798049498
172.51935003648427 -0.0049622200328130325
172.65277567456351 -0.0015730808160794754
172.7862013126428 0.0012145035423652122
172.91962695072203 0.003359173675306722
173.0530525888013 0.00494285417581188
173.18647822688055 0.0061248303603608275
173.31990386495983 0.007085975035731786
